ASCII/Jawoyn_WET-80.asc
NCOLS 1028
NROWS 689
XLLCORNER 13600.0000000000
YLLCORNER -1537237.0000000000
CELLSIZE 80.000000
NODATA_VALUE -99999.00
[rows 418 to 455 of 689, columns 168 to 251 of 1028]
1.13 1.14 1.14 1.14 1.11 1.07 1.12 1.13 1.07 1.06 1.09 1.09 1.05 1.05 0.97 0.90 0.88 0.88 0.88 0.83 0.74 0.71 0.72 0.85 1.00 1.05 1.07 1.06 1.02 1.05 1.10 1.14 1.12 1.12 1.14 1.12 1.08 1.07 1.07 1.07 1.07 1.08 1.09 1.11 1.12 1.11 1.09 1.09 1.12 1.08 1.09 1.07 1.10 1.10 1.10 1.12 1.11 1.11 1.11 1.11 1.11 1.12 1.05 1.06 1.09 1.06 1.06 1.07 1.09 1.08 1.13 1.12 1.10 1.09 1.07 1.08 1.14 1.16 1.16 1.15 1.15 1.14 1.13 1.11
1.01 1.05 1.08 1.11 1.11 1.06 1.13 1.16 1.11 1.06 1.07 1.09 1.08 1.10 1.01 0.89 0.86 0.85 0.86 0.86 0.80 0.72 0.75 0.98 1.06 1.06 1.06 1.07 1.00 1.05 1.08 1.10 1.06 1.08 1.07 1.09 1.11 1.12 1.11 1.09 1.08 1.07 1.08 1.08 1.10 1.08 1.07 1.08 1.10 1.11 1.09 1.11 1.11 1.10 1.10 1.10 1.10 1.11 1.12 1.14 1.11 1.10 1.10 1.07 1.08 1.08 1.06 1.07 1.07 1.10 1.12 1.10 1.09 1.09 1.09 1.05 1.07 1.13 1.14 1.15 1.15 1.11 1.09 1.11
0.98 0.96 1.11 1.12 1.12 1.08 1.10 1.13 1.10 1.07 1.00 1.02 1.09 1.10 1.04 0.93 0.89 0.87 0.85 0.85 0.85 0.77 0.76 1.01 1.06 1.08 1.07 1.07 1.03 1.06 1.04 1.00 0.99 1.01 1.03 1.14 1.17 1.14 1.12 1.09 1.11 1.12 1.11 1.08 1.07 1.07 1.10 1.11 1.07 1.09 1.07 1.11 1.10 1.08 1.11 1.12 1.13 1.13 1.11 1.12 1.11 1.09 1.10 1.09 1.06 1.10 1.09 1.09 1.07 1.08 1.12 1.09 1.09 1.10 1.09 1.05 1.02 0.98 1.03 1.07 1.07 1.09 1.12 1.15
0.98 0.83 1.07 1.13 1.11 1.08 1.07 1.09 1.07 1.06 0.99 0.96 0.97 0.95 0.93 0.90 0.89 0.87 0.86 0.85 0.85 0.84 0.78 0.90 1.02 1.06 1.06 0.97 1.05 1.09 1.00 1.00 1.07 1.07 1.07 1.13 1.14 1.14 1.15 1.10 1.08 1.12 1.11 1.11 1.09 1.06 1.11 1.09 1.08 1.04 0.98 1.05 1.08 1.09 1.10 1.09 1.10 1.10 1.08 1.11 1.12 1.10 1.11 1.11 1.05 1.01 1.04 1.08 1.04 1.04 1.12 1.09 1.12 1.11 1.11 1.08 1.02 1.01 1.07 1.08 1.11 1.13 1.15 1.15
1.01 0.86 0.88 1.01 1.09 1.08 1.00 0.91 0.91 0.91 0.87 0.84 0.83 0.83 0.83 0.83 0.84 0.83 0.83 0.82 0.81 0.83 0.83 0.82 0.86 0.96 0.89 0.90 0.87 0.98 1.07 1.14 1.13 1.09 1.08 1.08 1.06 1.07 1.10 1.10 1.12 1.12 1.09 1.09 1.08 1.09 1.12 1.09 1.08 1.06 1.00 1.05 1.11 1.11 1.09 1.10 1.07 1.08 1.05 1.09 1.09 1.08 1.12 1.10 1.07 1.04 1.06 1.13 1.09 1.04 1.05 1.06 1.11 1.11 1.10 1.09 1.02 1.11 1.13 1.07 1.09 1.11 1.13 1.15
1.09 1.04 0.86 0.80 0.92 0.93 0.82 0.75 0.74 0.74 0.74 0.74 0.73 0.73 0.73 0.73 0.74 0.75 0.74 0.74 0.75 0.76 0.83 0.97 1.02 0.98 0.90 0.90 0.85 0.89 1.13 1.16 1.12 1.12 1.13 1.13 1.11 1.11 1.08 1.11 1.13 1.10 1.10 1.11 1.06 1.09 1.12 1.09 1.04 1.10 1.10 1.04 1.05 1.08 1.12 1.10 1.09 1.11 1.03 1.07 1.08 1.09 1.10 1.07 1.07 1.10 1.06 1.10 1.06 1.02 1.08 1.11 1.11 1.10 1.11 1.11 1.03 1.11 1.10 1.10 1.10 1.09 1.10 1.13
1.07 1.01 0.89 0.77 0.72 0.71 0.69 0.69 0.69 0.69 0.69 0.69 0.69 0.71 0.73 0.74 0.80 0.91 0.81 0.75 0.73 0.79 0.83 0.91 1.00 1.02 1.10 0.99 0.87 0.93 1.09 1.11 1.09 1.12 1.09 1.10 1.11 1.09 1.07 1.05 1.06 1.05 1.11 1.09 1.04 1.08 1.10 1.08 1.09 1.14 1.12 1.09 1.08 1.07 1.09 1.09 1.10 1.12 1.05 1.07 1.09 1.08 1.09 1.09 1.05 1.09 1.04 1.05 1.05 1.03 1.06 1.06 1.09 1.10 1.11 1.12 1.05 1.11 1.14 1.12 1.10 1.05 1.03 1.03
1.06 0.91 0.83 0.79 0.77 0.76 0.79 0.85 0.82 0.79 0.80 0.81 0.84 0.88 0.95 1.00 1.02 1.10 1.02 1.00 0.96 1.02 1.06 0.99 0.96 0.92 1.01 1.04 0.88 0.79 0.93 1.00 1.03 1.06 1.04 1.06 1.07 1.03 1.03 1.01 1.01 1.03 1.08 1.04 1.06 1.10 1.13 1.12 1.13 1.14 1.11 1.12 1.14 1.10 1.04 1.10 1.13 1.12 1.07 1.09 1.13 1.09 1.07 1.09 1.10 1.09 1.05 1.05 1.05 1.08 1.04 1.04 1.08 1.11 1.11 1.11 1.06 1.05 1.12 1.10 1.08 1.07 1.03 1.00
0.98 0.83 0.79 0.80 0.85 0.89 0.95 1.05 1.00 0.96 0.98 1.01 1.04 1.01 1.09 1.14 1.10 1.09 1.10 1.12 1.16 1.16 1.15 1.13 1.08 0.97 0.91 0.94 0.86 0.74 0.87 1.03 1.08 0.99 1.03 1.07 1.05 1.05 1.03 1.05 1.05 1.01 1.02 1.06 1.09 1.10 1.14 1.13 1.13 1.15 1.11 1.15 1.15 1.13 1.06 1.06 1.13 1.12 1.07 1.02 1.08 1.07 1.06 1.11 1.10 1.11 1.06 1.02 1.04 1.06 1.06 1.08 1.06 1.07 1.07 1.06 1.05 1.03 1.10 1.09 1.09 1.10 1.08 1.03
0.86 0.86 0.92 0.96 0.99 1.02 1.04 1.10 1.08 1.07 1.08 1.09 1.11 1.02 1.12 1.15 1.12 1.13 1.12 1.09 1.15 1.19 1.16 1.09 1.06 0.94 0.84 0.78 0.74 0.74 0.91 1.12 1.15 1.07 1.06 1.08 1.08 1.06 1.08 1.13 1.12 1.03 0.98 1.10 1.09 1.08 1.12 1.11 1.09 1.13 1.10 1.14 1.14 1.16 1.09 1.02 1.08 1.15 1.11 1.02 1.03 1.03 1.08 1.12 1.10 1.13 1.06 1.06 1.03 1.08 1.12 1.08 1.07 1.07 1.09 1.08 1.07 1.07 1.13 1.10 1.10 1.10 1.10 1.07
0.88 1.00 1.06 1.09 1.05 1.04 1.04 1.08 1.09 1.11 1.15 1.12 1.08 1.04 1.12 1.15 1.15 1.15 1.10 1.06 1.11 1.15 1.09 1.08 0.99 0.79 0.71 0.70 0.69 0.75 0.93 1.10 1.16 1.14 1.11 1.11 1.07 1.10 1.15 1.15 1.16 1.12 1.06 1.13 1.10 1.03 1.07 1.11 1.10 1.06 1.04 1.09 1.15 1.17 1.11 0.95 0.99 1.00 0.98 0.99 1.04 1.09 1.10 1.06 1.05 1.12 1.05 1.05 1.05 1.09 1.10 1.09 1.11 1.09 1.08 1.11 1.11 1.08 1.12 1.08 1.07 1.10 1.12 1.08
1.03 1.09 1.10 1.11 1.11 1.05 1.04 1.04 1.11 1.12 1.17 1.15 1.10 1.07 1.10 1.12 1.10 1.17 1.18 1.12 1.01 0.98 0.96 1.02 0.95 0.74 0.68 0.69 0.70 0.76 0.88 1.02 1.10 1.11 1.13 1.14 1.07 1.10 1.15 1.12 1.15 1.17 1.14 1.08 1.08 1.06 1.08 1.12 1.14 1.11 1.11 1.07 1.12 1.11 1.09 0.96 1.01 1.02 0.99 1.03 1.07 1.11 1.14 1.12 1.08 1.05 1.05 1.11 1.14 1.14 1.13 1.12 1.09 1.06 1.09 1.12 1.10 1.12 1.12 1.09 1.08 1.08 1.09 1.11
1.09 1.12 1.14 1.12 1.08 1.09 1.12 1.08 1.14 1.12 1.13 1.15 1.12 1.11 1.12 1.12 1.10 1.11 1.11 1.02 0.88 0.83 0.86 0.92 0.88 0.71 0.67 0.70 0.72 0.77 0.85 0.94 1.00 1.06 1.12 1.10 1.02 1.07 1.11 1.11 1.15 1.14 1.10 1.05 1.08 1.11 1.08 1.09 1.13 1.10 1.14 1.08 1.08 1.12 1.11 1.10 0.96 1.06 1.15 1.12 1.08 1.08 1.12 1.14 1.12 1.00 1.04 1.13 1.12 1.12 1.10 1.08 1.09 1.08 1.10 1.09 1.09 1.10 1.08 1.06 1.08 1.10 1.12 1.11
1.06 1.13 1.13 1.09 1.07 1.12 1.14 1.10 1.11 1.13 1.15 1.15 1.14 1.15 1.17 1.17 1.16 1.11 1.01 0.95 0.89 0.83 0.81 0.81 0.80 0.70 0.67 0.70 0.73 0.79 0.86 0.90 0.92 1.01 1.05 1.02 0.95 1.05 1.11 1.15 1.17 1.14 1.06 1.08 1.13 1.14 1.09 1.09 1.11 1.08 1.16 1.13 1.08 1.11 1.13 1.13 1.02 1.10 1.13 1.11 1.10 1.09 1.09 1.12 1.09 1.06 1.09 1.13 1.10 1.07 1.07 1.03 1.10 1.13 1.09 1.06 1.06 1.06 1.03 1.07 1.10 1.11 1.13 1.10
1.05 1.07 1.12 1.14 1.11 1.11 1.13 1.11 1.13 1.15 1.15 1.14 1.16 1.19 1.18 1.16 1.10 1.02 0.94 1.02 1.06 0.97 0.94 0.85 0.78 0.69 0.68 0.71 0.75 0.80 0.86 0.88 0.87 0.88 0.90 0.90 0.91 1.02 1.08 1.10 1.10 1.10 1.05 1.11 1.15 1.13 1.10 1.10 1.09 1.07 1.16 1.14 1.07 1.06 1.13 1.16 1.08 1.06 1.11 1.09 1.11 1.14 1.08 1.03 1.05 1.08 1.14 1.13 1.12 1.07 1.06 1.07 1.12 1.12 1.11 1.11 1.08 1.09 1.02 1.08 1.10 1.10 1.09 1.11
1.07 1.07 1.13 1.16 1.13 1.13 1.15 1.14 1.16 1.16 1.15 1.17 1.18 1.18 1.13 1.05 1.01 0.99 0.99 1.05 1.12 1.05 1.06 1.02 0.88 0.74 0.69 0.72 0.77 0.82 0.84 0.83 0.80 0.80 0.80 0.81 0.84 0.88 0.94 0.97 1.02 1.06 1.04 1.07 1.11 1.12 1.08 1.10 1.11 1.03 1.11 1.12 1.08 1.03 1.10 1.15 1.16 1.08 1.10 1.12 1.09 1.10 1.12 1.02 1.12 1.12 1.11 1.11 1.15 1.10 1.05 1.08 1.10 1.10 1.12 1.11 1.10 1.12 1.05 1.07 1.10 1.09 1.06 1.08
1.12 1.12 1.11 1.15 1.15 1.15 1.16 1.15 1.16 1.16 1.14 1.14 1.10 1.05 1.01 1.01 1.01 1.02 1.06 1.04 1.07 1.04 1.07 1.09 1.06 0.89 0.72 0.74 0.91 0.91 0.80 0.82 0.89 0.88 0.85 0.84 0.93 0.95 0.92 0.91 1.00 1.01 1.01 1.05 1.05 1.06 1.06 1.10 1.07 0.96 1.05 1.12 1.08 1.00 1.04 1.13 1.17 1.13 1.06 1.12 1.13 1.08 1.07 0.96 1.00 1.05 1.09 1.12 1.10 1.06 1.06 1.11 1.09 1.08 1.11 1.09 1.06 1.07 1.05 1.04 1.11 1.10 1.07 1.07
1.15 1.16 1.13 1.12 1.14 1.15 1.14 1.16 1.18 1.16 1.08 1.01 0.98 0.92 0.95 1.06 1.06 1.02 1.06 1.04 1.01 1.07 1.08 1.09 1.08 0.93 0.78 0.77 0.95 0.92 0.82 0.97 1.08 1.07 1.04 0.98 1.08 1.07 0.99 0.95 1.08 1.09 1.11 1.13 1.07 1.07 1.09 1.12 1.09 1.03 1.04 1.04 1.07 0.99 1.00 1.07 1.11 1.14 1.07 1.07 1.15 1.15 1.05 0.98 1.03 1.11 1.08 1.11 1.07 1.10 1.05 1.09 1.11 1.12 1.12 1.11 1.11 1.09 1.03 1.01 1.10 1.09 1.07 1.06
1.10 1.15 1.14 1.11 1.13 1.16 1.13 1.15 1.15 1.10 1.03 1.06 1.08 1.06 1.03 1.07 1.13 1.08 1.01 1.05 1.08 1.09 1.06 1.03 1.01 0.91 0.84 0.77 0.79 0.83 0.96 1.08 1.14 1.12 1.08 1.00 1.07 1.11 1.04 0.97 1.02 1.07 1.09 1.13 1.08 1.10 1.13 1.14 1.14 1.09 1.04 1.00 1.03 1.02 1.01 1.04 1.08 1.12 1.05 0.98 1.05 1.15 1.09 1.08 1.09 1.16 1.09 1.02 1.02 1.14 1.07 1.05 1.12 1.15 1.15 1.12 1.13 1.12 1.05 1.01 1.08 1.08 1.06 1.08
1.11 1.15 1.13 1.15 1.16 1.12 1.08 1.02 0.97 1.01 1.08 1.13 1.16 1.12 1.07 1.05 1.11 1.10 1.06 1.04 1.08 1.09 1.07 1.07 0.99 0.77 0.70 0.74 0.77 0.87 0.95 1.03 1.10 1.11 1.07 1.05 1.05 1.08 1.12 1.08 1.03 0.97 0.99 0.99 1.09 1.11 1.10 1.10 1.11 1.03 1.00 1.04 0.99 0.92 0.99 1.10 1.13 1.16 1.14 1.13 1.08 1.03 0.99 1.02 1.01 1.06 1.06 1.05 1.01 1.07 1.08 1.03 1.12 1.12 1.12 1.13 1.16 1.13 1.04 1.03 1.07 1.06 1.08 1.11
1.07 1.09 1.08 1.13 1.14 1.14 1.08 1.00 1.05 1.11 1.12 1.14 1.17 1.14 1.07 1.08 1.11 1.12 1.09 1.11 1.14 1.13 1.14 1.13 0.97 0.72 0.71 0.85 0.92 0.96 0.94 0.99 1.05 1.09 1.10 1.07 1.06 1.08 1.11 1.06 1.08 1.06 1.08 1.01 1.04 1.04 1.08 1.10 1.10 1.05 1.02 1.05 1.05 0.97 0.98 1.06 1.11 1.11 1.12 1.11 1.10 1.05 0.95 0.93 0.99 1.01 0.93 0.99 1.01 1.01 1.06 1.04 1.12 1.12 1.13 1.13 1.13 1.10 1.01 1.04 1.05 1.03 1.04 1.09
1.04 1.05 1.09 1.11 1.09 1.07 1.06 1.09 1.15 1.15 1.15 1.14 1.16 1.14 1.10 1.10 1.11 1.15 1.13 1.16 1.17 1.13 1.16 1.17 1.06 0.85 0.89 1.06 1.09 1.11 1.09 1.06 1.04 1.09 1.11 1.10 1.10 1.10 1.09 1.07 1.12 1.09 1.12 1.09 1.04 1.04 1.07 1.07 1.09 1.07 1.03 1.03 1.04 1.01 0.98 1.04 1.07 1.10 1.11 1.13 1.15 1.15 1.11 1.08 1.11 1.13 1.07 1.03 1.01 1.06 1.05 1.00 1.06 1.07 1.10 1.09 1.08 1.04 1.09 1.08 1.07 1.06 1.07 1.06
1.03 1.10 1.13 1.13 1.09 1.04 1.08 1.11 1.14 1.13 1.13 1.14 1.14 1.11 1.15 1.12 1.12 1.17 1.15 1.16 1.17 1.12 1.13 1.16 1.06 1.02 1.12 1.13 1.13 1.14 1.13 1.09 1.06 1.09 1.14 1.14 1.14 1.15 1.13 1.10 1.14 1.12 1.14 1.13 1.12 1.10 1.09 1.07 1.09 1.06 1.05 1.06 1.06 1.05 0.97 0.96 1.02 1.08 1.10 1.14 1.16 1.16 1.15 1.16 1.14 1.13 1.15 1.15 1.07 1.05 1.11 0.94 0.99 1.03 1.07 1.06 1.03 1.05 1.14 1.14 1.13 1.13 1.15 1.14
1.02 1.09 1.12 1.08 1.08 1.08 1.10 1.12 1.12 1.14 1.13 1.13 1.14 1.10 1.09 1.12 1.11 1.13 1.15 1.15 1.13 1.10 1.03 0.99 0.85 1.01 1.18 1.15 1.16 1.14 1.15 1.14 1.11 1.08 1.09 1.11 1.16 1.17 1.15 1.12 1.16 1.14 1.14 1.14 1.12 1.10 1.10 1.09 1.09 1.09 1.12 1.10 1.08 1.09 1.02 0.90 0.98 1.10 1.11 1.12 1.11 1.12 1.14 1.15 1.15 1.11 1.13 1.16 1.14 1.01 1.11 0.96 0.99 1.06 1.14 1.13 1.12 1.10 1.10 1.13 1.15 1.14 1.13 1.15
1.12 1.07 1.10 1.09 1.08 1.10 1.05 1.08 1.13 1.15 1.15 1.12 1.12 1.11 1.08 1.13 1.12 1.13 1.15 1.14 1.10 1.02 0.90 0.76 0.69 0.87 1.10 1.17 1.17 1.13 1.15 1.16 1.16 1.10 1.02 1.05 1.12 1.13 1.14 1.12 1.16 1.13 1.12 1.14 1.16 1.14 1.09 1.10 1.09 1.12 1.14 1.09 1.06 1.06 1.08 1.01 0.98 1.09 1.05 1.07 1.09 1.08 1.09 1.13 1.12 1.10 1.06 1.06 1.09 0.97 1.03 0.98 1.01 1.09 1.13 1.14 1.17 1.17 1.16 1.13 1.12 1.11 1.10 1.15
1.16 1.08 1.07 1.14 1.12 1.10 1.05 1.04 1.09 1.13 1.13 1.11 1.11 1.13 1.11 1.14 1.11 1.14 1.14 1.14 1.11 1.00 0.83 0.68 0.67 0.77 0.91 1.03 1.06 1.06 1.11 1.16 1.16 1.13 1.11 1.08 1.11 1.12 1.14 1.14 1.11 1.06 1.07 1.09 1.13 1.15 1.12 1.13 1.14 1.11 1.14 1.14 1.11 1.11 1.10 1.05 0.97 0.92 1.05 1.06 1.10 1.09 1.04 1.12 1.11 1.10 1.06 1.01 1.01 1.01 0.92 0.96 1.04 1.10 1.09 1.08 1.13 1.15 1.15 1.16 1.15 1.11 1.09 1.10
1.15 1.09 1.13 1.16 1.15 1.14 1.10 1.08 1.12 1.12 1.10 1.10 1.13 1.14 1.12 1.11 1.09 1.10 1.11 1.11 1.10 1.07 0.87 0.67 0.69 0.83 0.93 0.97 0.95 1.08 1.15 1.17 1.17 1.16 1.15 1.14 1.15 1.14 1.14 1.14 1.13 1.08 1.12 1.14 1.12 1.14 1.14 1.13 1.16 1.14 1.15 1.17 1.12 1.09 1.06 1.04 0.99 0.90 1.03 1.07 1.06 1.07 1.07 1.11 1.12 1.08 1.07 1.08 1.09 1.10 1.04 0.92 1.01 1.06 1.06 1.08 1.09 1.08 1.11 1.15 1.16 1.16 1.16 1.14
1.11 1.10 1.11 1.11 1.11 1.09 1.09 1.08 1.10 1.10 1.10 1.08 1.07 1.09 1.12 1.12 1.09 1.07 1.08 1.08 1.10 1.11 0.92 0.69 0.77 1.03 1.14 1.13 1.07 1.05 1.13 1.15 1.16 1.14 1.12 1.14 1.12 1.14 1.14 1.16 1.14 1.09 1.14 1.15 1.11 1.14 1.16 1.12 1.13 1.13 1.11 1.15 1.14 1.12 1.09 1.08 1.10 1.04 1.00 0.98 0.98 1.00 1.01 1.10 1.15 1.12 1.13 1.12 1.12 1.09 1.04 0.91 0.95 1.04 1.06 1.07 1.07 1.05 1.09 1.12 1.14 1.14 1.10 1.07
1.10 1.11 1.10 1.10 1.12 1.10 1.08 1.12 1.12 1.12 1.13 1.13 1.08 1.05 1.11 1.14 1.14 1.12 1.11 1.09 1.09 1.14 1.00 0.80 0.94 1.14 1.17 1.14 1.10 1.05 1.10 1.14 1.15 1.13 1.11 1.09 1.09 1.14 1.14 1.14 1.12 1.09 1.15 1.14 1.12 1.13 1.14 1.14 1.10 1.16 1.15 1.17 1.16 1.15 1.11 1.12 1.15 1.12 1.06 1.06 1.05 1.04 0.99 1.07 1.12 1.13 1.11 1.07 1.08 1.03 0.94 0.96 0.88 0.88 0.96 1.03 1.05 1.01 1.09 1.13 1.09 1.07 1.04 0.99
1.11 1.11 1.09 1.08 1.08 1.09 1.09 1.13 1.13 1.12 1.13 1.15 1.12 1.07 1.06 1.07 1.07 1.09 1.14 1.15 1.12 1.03 0.87 0.93 1.08 1.16 1.16 1.12 1.08 1.10 1.09 1.11 1.13 1.13 1.10 1.08 1.07 1.11 1.10 1.09 1.13 1.09 1.13 1.13 1.13 1.15 1.15 1.13 1.10 1.18 1.16 1.15 1.13 1.14 1.14 1.11 1.15 1.15 1.09 1.07 1.08 1.10 1.08 1.06 1.04 1.05 1.00 0.92 0.97 1.03 0.99 1.07 1.00 0.90 0.89 0.91 0.99 0.98 1.03 1.07 1.06 1.07 1.12 1.15
1.15 1.13 1.10 1.08 1.04 1.00 1.04 1.11 1.14 1.12 1.14 1.13 1.11 1.08 1.11 1.12 1.11 1.07 1.07 1.10 1.15 1.01 0.88 1.11 1.16 1.16 1.15 1.12 1.12 1.15 1.12 1.12 1.10 1.10 1.10 1.10 1.10 1.08 1.05 1.06 1.09 1.05 1.06 1.08 1.11 1.15 1.14 1.10 1.08 1.13 1.09 1.10 1.09 1.11 1.13 1.11 1.15 1.17 1.13 1.10 1.10 1.11 1.13 1.13 1.13 1.12 1.07 1.04 1.08 1.14 1.16 1.16 1.13 1.09 1.07 0.97 1.00 1.08 1.08 1.10 1.14 1.19 1.20 1.19
1.08 1.14 1.12 1.11 1.07 1.02 1.01 1.05 1.10 1.11 1.16 1.14 1.13 1.10 1.14 1.15 1.15 1.15 1.09 1.02 1.09 1.09 0.96 1.19 1.17 1.15 1.13 1.12 1.14 1.14 1.14 1.14 1.12 1.11 1.10 1.12 1.12 1.10 1.04 1.05 1.07 1.04 1.09 1.08 1.06 1.11 1.12 1.09 1.04 1.05 1.11 1.17 1.17 1.12 1.12 1.12 1.17 1.18 1.17 1.15 1.13 1.15 1.16 1.16 1.18 1.18 1.16 1.16 1.18 1.20 1.20 1.20 1.20 1.20 1.16 0.99 1.04 1.17 1.17 1.19 1.19 1.20 1.20 1.16
1.09 1.13 1.12 1.10 1.13 1.14 1.10 1.06 1.03 1.05 1.14 1.15 1.15 1.15 1.17 1.17 1.15 1.16 1.16 1.09 1.03 1.10 0.95 1.14 1.15 1.14 1.15 1.14 1.14 1.12 1.13 1.13 1.15 1.14 1.11 1.08 1.09 1.10 1.10 1.03 1.05 1.12 1.11 1.11 1.06 1.03 1.09 1.07 1.05 1.10 1.13 1.17 1.20 1.17 1.18 1.16 1.16 1.18 1.17 1.20 1.19 1.19 1.20 1.18 1.17 1.18 1.20 1.19 1.19 1.19 1.19 1.18 1.15 1.12 1.05 1.02 1.12 1.19 1.19 1.18 1.16 1.16 1.13 1.08
1.12 1.12 1.09 1.11 1.14 1.13 1.12 1.14 1.15 1.09 1.08 1.14 1.13 1.12 1.16 1.17 1.15 1.17 1.18 1.13 1.04 1.10 0.98 1.07 1.13 1.14 1.16 1.15 1.14 1.14 1.15 1.15 1.15 1.12 1.09 1.07 1.11 1.14 1.18 1.14 1.10 1.12 1.09 1.16 1.16 1.06 1.06 1.10 1.14 1.16 1.14 1.15 1.18 1.18 1.18 1.17 1.13 1.17 1.17 1.18 1.18 1.18 1.18 1.18 1.16 1.17 1.18 1.16 1.13 1.12 1.13 1.14 1.15 1.18 1.09 1.12 1.18 1.20 1.20 1.17 1.13 1.09 1.08 1.11
1.10 1.11 1.10 1.11 1.12 1.14 1.14 1.16 1.15 1.11 1.04 1.11 1.15 1.10 1.09 1.11 1.11 1.15 1.15 1.16 1.11 1.07 1.09 1.00 1.14 1.13 1.14 1.14 1.14 1.12 1.11 1.12 1.10 1.07 1.09 1.11 1.12 1.12 1.16 1.14 1.10 1.12 1.13 1.15 1.13 1.09 1.16 1.16 1.16 1.19 1.19 1.17 1.19 1.19 1.18 1.17 1.12 1.15 1.17 1.17 1.17 1.16 1.15 1.14 1.12 1.15 1.14 1.15 1.16 1.16 1.16 1.17 1.19 1.19 1.07 1.09 1.19 1.18 1.16 1.14 1.09 1.06 1.14 1.17
1.10 1.13 1.12 1.10 1.11 1.15 1.15 1.17 1.18 1.17 1.10 1.07 1.08 1.05 1.02 1.08 1.05 1.08 1.12 1.13 1.08 1.01 1.02 0.94 1.08 1.10 1.12 1.13 1.11 1.07 1.03 1.03 1.06 1.10 1.12 1.12 1.13 1.11 1.09 1.08 1.08 1.09 1.10 1.13 1.09 1.07 1.18 1.20 1.18 1.20 1.20 1.18 1.18 1.18 1.15 1.12 1.07 1.12 1.15 1.15 1.14 1.10 1.12 1.12 1.13 1.15 1.14 1.14 1.13 1.13 1.12 1.12 1.14 1.14 1.03 0.97 1.06 1.08 1.03 1.02 1.03 1.10 1.16 1.18
1.14 1.15 1.14 1.11 1.09 1.10 1.11 1.12 1.15 1.16 1.15 1.13 1.04 1.06 1.11 1.14 1.09 1.00 0.97 0.97 0.94 0.90 0.82 0.96 1.08 1.09 1.09 1.09 1.04 0.99 1.00 1.05 1.09 1.11 1.11 1.13 1.16 1.13 1.07 1.09 1.12 1.10 1.09 1.10 1.12 1.09 1.13 1.18 1.19 1.19 1.18 1.16 1.15 1.17 1.17 1.16 1.09 1.10 1.12 1.12 1.13 1.10 1.09 1.12 1.17 1.17 1.16 1.14 1.13 1.14 1.14 1.12 1.11 1.08 0.97 0.83 0.89 0.98 1.04 0.95 0.98 1.11 1.12 1.12
1.13 1.12 1.12 1.14 1.16 1.15 1.09 1.04 1.03 1.08 1.13 1.13 1.05 1.11 1.18 1.19 1.14 1.04 0.91 0.85 0.83 0.79 0.76 1.08 1.14 1.10 1.05 0.99 1.01 1.06 1.10 1.13 1.13 1.13 1.14 1.14 1.14 1.13 1.09 1.12 1.16 1.17 1.15 1.15 1.16 1.15 1.10 1.10 1.16 1.17 1.13 1.11 1.16 1.20 1.20 1.19 1.17 1.07 1.09 1.14 1.18 1.17 1.09 1.05 1.17 1.18 1.16 1.14 1.14 1.15 1.15 1.17 1.15 1.10 0.97 0.86 0.99 1.07 1.04 0.88 0.94 1.09 1.11 1.06
