ASCII/Jawoyn_DEM-80.asc
NCOLS 1028
NROWS 689
XLLCORNER 13600.0000000000
YLLCORNER -1537237.0000000000
CELLSIZE 80.000000
NODATA_VALUE -99999
[rows 336 to 377 of 689, columns 470 to 563 of 1028]
275 279 283 290 296 300 301 300 300 298 293 292 291 292 295 293 291 293 291 284 275 272 273 276 279 279 281 284 288 289 289 286 285 285 289 293 296 295 297 300 300 301 301 302 301 302 303 303 304 306 307 308 309 311 313 315 315 316 316 317 316 313 313 311 308 306 307 308 307 306 306 307 310 312 313 314 314 315 317 318 320 321 321 322 321 320 319 317 316 315 314 312 312 314
283 288 291 295 299 301 301 298 298 296 291 286 284 288 294 291 289 293 289 280 273 270 272 275 278 279 279 279 282 285 285 284 284 287 292 295 297 296 299 303 302 303 303 305 306 305 305 304 305 306 307 308 310 312 314 314 315 316 317 316 314 312 312 312 308 306 306 306 306 305 304 306 309 310 311 312 312 314 316 318 320 321 320 320 318 319 319 316 314 313 311 310 311 311
288 291 293 295 298 300 299 298 297 294 287 278 277 287 293 288 286 287 281 275 271 271 271 272 275 279 280 277 279 283 286 285 287 292 295 296 298 297 300 303 302 302 305 307 306 307 308 309 309 308 309 311 313 315 315 314 314 316 315 314 314 312 312 311 307 305 304 303 302 302 302 304 306 307 309 311 311 315 318 319 318 319 320 319 318 317 317 315 312 310 310 309 309 311
290 289 291 294 296 295 296 298 296 291 281 273 272 279 286 283 279 277 274 272 271 272 273 276 278 280 280 277 279 285 289 289 292 297 298 299 300 301 302 305 306 306 308 308 308 309 310 310 310 313 313 314 314 315 316 314 314 315 315 314 313 312 309 307 305 304 303 300 299 300 304 306 308 310 313 315 315 316 318 319 318 319 320 319 319 317 314 311 309 306 308 309 309 312
285 288 292 294 294 292 292 295 295 291 283 275 270 271 274 273 272 272 272 272 271 273 279 284 284 284 282 279 281 286 291 292 294 298 301 301 302 303 304 306 308 307 310 310 309 310 311 311 313 315 314 314 314 315 317 315 315 316 316 315 312 309 309 308 307 306 301 299 299 302 306 309 311 314 316 317 317 318 318 319 319 320 321 321 318 316 311 306 305 305 306 307 309 312
286 290 293 294 293 290 286 289 293 293 289 281 271 268 266 267 269 271 272 271 271 275 282 288 287 286 285 282 282 287 292 294 295 297 302 304 305 305 306 308 310 309 309 310 311 312 313 313 315 315 314 315 315 315 316 315 315 315 317 315 311 310 312 311 308 304 300 300 302 304 307 311 313 316 316 317 317 319 320 320 320 320 320 319 318 315 310 303 302 305 305 305 307 311
289 290 291 289 289 290 283 282 288 290 286 278 271 267 266 268 270 271 271 271 274 280 285 288 289 289 289 286 284 287 292 294 295 297 302 304 305 306 307 308 311 311 310 311 313 314 314 314 315 316 315 315 314 314 315 316 316 315 315 314 313 313 313 312 307 303 300 300 303 307 309 312 315 315 316 318 319 321 321 320 320 320 320 319 318 315 309 302 300 303 304 302 304 310
288 285 282 279 283 289 282 277 280 283 277 269 266 266 267 269 271 272 273 275 279 284 286 289 290 291 292 290 288 289 293 295 297 299 302 304 304 305 307 309 311 311 312 313 313 314 314 315 315 315 316 316 316 314 316 318 316 316 315 315 316 315 313 311 307 304 301 299 303 308 310 313 315 316 316 317 318 320 320 320 320 320 319 318 317 313 308 302 298 299 300 300 303 310
289 282 275 270 276 284 280 274 272 273 270 266 264 266 267 268 270 272 274 277 282 286 287 289 290 291 292 292 290 290 293 295 297 300 303 305 306 306 307 310 312 311 313 314 314 314 314 315 316 316 316 316 317 316 317 317 315 317 316 317 316 314 312 310 307 305 300 297 301 306 309 312 313 314 316 316 317 318 319 320 319 318 317 318 317 314 309 303 296 295 297 300 306 312
288 284 275 266 267 275 280 275 269 267 267 266 264 264 267 269 270 271 275 279 283 286 287 288 288 290 289 293 293 292 294 296 299 302 303 305 307 308 309 310 311 312 312 312 312 313 314 314 315 317 317 317 317 316 316 315 316 317 317 316 314 314 312 310 308 305 300 297 299 303 307 309 309 311 312 314 316 317 318 318 317 317 319 319 319 316 311 303 295 293 294 301 308 311
282 282 277 266 263 266 272 271 267 266 268 269 266 263 266 267 269 272 277 281 283 284 286 286 285 285 287 291 292 293 294 296 299 302 303 305 307 309 310 310 310 311 311 313 314 315 315 314 315 317 317 317 317 317 317 316 317 317 317 314 312 314 312 311 309 305 300 296 298 302 304 303 304 307 310 314 314 315 316 317 317 317 318 318 317 314 309 301 292 289 293 302 309 310
275 276 274 265 260 260 264 265 264 264 268 271 268 264 264 266 268 272 279 283 284 284 285 283 282 283 284 288 290 291 293 296 298 300 303 305 307 309 311 310 311 311 312 313 314 314 315 315 316 317 316 317 317 318 318 318 318 317 315 313 313 313 311 311 309 306 299 293 296 301 300 301 303 307 310 313 313 311 313 314 316 317 315 315 313 310 306 300 291 289 291 300 307 307
270 269 267 262 259 259 261 262 261 262 265 268 267 264 264 265 266 270 278 280 281 282 283 281 280 281 283 286 290 292 294 296 298 300 302 304 307 310 311 309 311 312 311 311 312 312 314 315 316 317 315 315 317 318 318 319 318 317 314 313 313 311 312 311 309 306 299 292 294 297 296 300 305 308 310 312 312 310 310 311 313 315 313 312 309 305 302 297 289 285 288 295 299 299
267 265 262 260 259 259 260 261 261 260 262 264 264 265 265 266 266 267 272 275 276 277 278 278 280 282 285 286 289 292 293 296 298 300 302 305 307 308 310 309 308 310 309 310 311 311 312 314 315 314 312 313 316 317 318 319 318 318 314 312 311 311 313 312 309 307 301 293 292 294 297 301 305 308 309 311 311 308 307 310 312 314 312 307 303 300 297 293 288 283 283 288 290 293
264 262 261 260 259 259 261 260 261 261 260 261 264 266 266 267 270 272 274 277 277 277 277 278 281 284 286 286 288 291 292 296 298 300 301 304 308 306 307 306 305 307 307 309 311 312 313 313 314 313 312 314 317 317 317 317 317 317 313 312 313 313 313 310 307 306 300 291 290 294 298 301 304 306 307 309 310 308 307 310 312 313 308 301 298 296 294 291 288 283 281 284 287 289
261 261 261 260 259 260 262 261 261 262 261 261 264 268 270 272 277 280 282 284 284 284 284 282 281 284 286 286 288 290 293 296 297 297 298 302 305 304 303 303 303 304 305 310 312 312 313 314 314 315 315 316 316 316 316 317 316 315 312 312 313 312 309 308 305 304 298 290 289 295 299 302 304 304 305 306 307 308 306 307 309 307 303 297 294 292 293 290 286 282 280 284 286 288
259 259 259 257 258 261 263 263 263 263 263 263 265 268 272 276 280 282 284 285 285 287 288 287 286 286 288 287 287 289 292 294 294 294 295 300 302 301 301 300 301 304 306 309 312 313 312 313 314 317 316 316 316 315 316 316 315 313 311 312 312 310 307 304 302 303 300 292 289 294 298 301 301 302 302 303 306 304 303 305 305 303 299 293 290 288 288 286 283 280 278 283 288 290
261 260 258 256 257 262 263 262 263 263 265 265 265 267 270 274 277 279 281 284 285 287 289 288 289 291 292 292 288 288 290 292 293 294 297 299 299 299 300 299 301 304 306 308 311 312 313 313 314 315 317 315 315 313 313 314 313 312 313 313 312 310 307 304 302 302 300 290 286 290 293 298 299 300 301 302 302 300 301 303 301 298 296 291 287 286 285 283 279 275 276 283 292 297
262 259 258 257 258 261 262 263 263 263 265 265 265 266 270 271 275 277 279 283 285 288 288 290 292 293 295 295 291 289 290 290 290 293 296 296 296 296 299 300 303 306 307 309 311 311 312 312 313 315 316 315 314 313 311 311 312 311 312 310 310 308 306 304 303 302 298 288 282 285 291 297 299 301 301 300 299 299 298 296 295 294 292 288 285 283 282 280 275 272 273 282 291 298
263 260 258 257 257 260 262 263 263 262 264 264 263 264 267 269 273 277 279 281 284 286 288 290 293 296 298 297 294 291 290 290 291 293 294 295 297 298 300 302 304 306 307 309 312 313 314 315 314 315 316 315 313 312 308 306 306 306 308 308 308 307 307 305 304 302 297 286 278 283 290 295 297 298 299 298 295 294 288 285 288 288 287 284 282 282 280 278 276 272 273 280 289 297
262 259 256 256 258 260 262 264 265 265 264 265 262 261 263 265 271 276 279 280 282 284 286 290 294 296 298 298 296 293 291 291 293 294 294 295 298 300 302 304 304 306 308 309 312 314 315 315 315 316 315 315 313 310 306 301 301 301 304 306 307 305 305 305 305 303 297 286 275 278 285 291 292 291 292 293 289 288 282 276 277 279 282 281 280 278 277 275 275 270 272 283 291 296
261 257 255 257 260 260 261 265 267 267 268 268 263 259 261 263 269 274 276 278 280 282 285 288 290 292 296 299 299 296 294 293 293 292 293 295 297 299 301 304 304 304 308 309 310 313 315 314 314 314 313 315 313 308 304 300 298 298 299 302 304 303 303 304 303 302 297 289 277 274 279 284 284 282 283 288 285 283 280 275 272 274 277 277 279 277 272 272 274 268 271 284 293 295
262 256 255 257 260 263 264 266 267 269 271 270 264 259 264 265 267 270 273 275 278 281 284 284 285 288 295 301 300 297 295 295 293 291 292 294 295 296 299 302 304 303 305 309 312 314 314 315 315 314 313 313 311 306 304 302 299 297 296 298 299 298 296 296 296 296 293 289 278 272 274 273 272 273 279 286 283 280 280 275 270 270 272 274 275 272 271 273 271 268 274 284 290 293
262 253 252 255 260 267 269 269 269 271 273 272 264 260 266 269 268 270 273 275 277 279 281 281 284 290 295 300 301 299 297 296 294 292 293 295 296 297 300 302 304 303 305 309 312 314 314 314 315 314 313 312 310 307 304 303 302 299 293 292 294 294 293 287 287 290 290 287 277 268 268 266 268 272 278 282 280 276 277 277 273 269 270 272 268 268 271 274 268 264 277 287 287 292
259 249 249 254 259 264 269 271 272 273 274 272 265 260 265 270 271 273 274 274 275 277 281 285 288 293 295 299 300 300 299 297 295 294 296 298 299 299 300 301 302 303 305 307 309 310 311 311 313 314 313 311 310 310 307 304 301 297 293 292 290 289 288 283 282 283 284 284 273 263 261 264 269 272 272 271 271 273 276 276 273 269 267 268 266 267 270 271 263 262 277 287 288 290
253 248 248 253 258 263 267 272 275 278 280 274 265 259 262 265 268 271 271 272 274 279 285 288 289 292 296 298 299 301 301 299 295 295 298 299 300 300 301 302 302 302 305 307 308 309 308 309 311 312 312 311 310 309 307 304 300 296 294 292 288 286 285 283 282 280 282 281 269 258 257 264 270 270 265 263 266 273 273 273 271 269 264 264 267 269 269 266 259 262 276 284 288 290
246 248 252 257 260 265 268 272 276 280 281 273 263 258 260 260 263 267 268 271 276 280 283 285 287 291 296 298 299 301 302 300 297 297 298 298 299 301 302 303 303 303 307 307 306 306 307 307 309 311 311 310 309 308 307 304 300 298 296 293 288 285 284 282 279 276 280 280 270 256 254 264 268 265 260 258 265 273 272 270 269 266 262 263 267 269 269 266 259 263 273 282 286 289
244 254 262 266 266 266 269 270 272 275 272 264 259 259 259 259 261 267 271 274 277 279 280 282 286 290 295 298 300 301 302 300 298 299 299 299 300 302 304 305 304 303 306 305 304 303 305 305 305 308 309 308 307 307 307 305 301 300 298 295 291 286 283 278 273 271 275 277 270 257 254 263 265 259 254 256 265 272 271 265 261 260 261 264 267 269 269 266 259 261 269 278 284 286
249 258 264 270 271 270 269 265 262 260 258 259 262 265 262 261 266 273 276 277 278 281 282 283 285 288 291 294 297 300 301 301 300 301 300 301 303 305 306 304 303 304 306 305 303 301 302 303 303 306 307 307 306 306 306 305 303 301 298 296 293 288 282 274 268 264 265 266 265 257 253 260 262 257 251 256 263 266 265 259 254 258 262 263 268 269 267 264 258 259 264 273 281 283
250 256 261 267 272 274 267 257 250 250 257 265 271 271 266 266 272 277 280 280 282 283 284 285 284 285 287 291 295 299 301 301 301 301 302 303 305 307 307 305 304 304 305 305 302 298 298 301 302 304 305 305 304 304 304 303 303 301 298 296 293 285 276 269 264 260 258 257 259 255 253 257 258 254 251 256 259 257 256 256 256 260 262 262 266 268 266 264 258 256 259 269 276 281
242 250 255 262 269 268 255 250 255 259 262 268 273 275 272 270 271 274 280 284 285 285 285 286 286 285 286 291 294 297 300 302 302 303 303 304 306 306 306 305 304 303 302 301 299 296 296 299 301 303 303 303 301 301 301 300 301 301 300 298 293 284 274 266 261 258 254 255 257 253 251 255 254 250 250 255 256 255 257 260 259 259 262 265 267 269 269 266 261 257 258 269 274 279
232 241 250 254 254 251 253 265 277 277 269 268 272 276 281 281 277 276 283 286 286 286 286 286 287 287 287 292 295 298 300 301 302 304 304 304 306 307 306 304 303 302 301 298 296 295 294 296 299 302 301 300 298 297 296 295 295 298 300 298 291 284 276 267 259 253 251 255 259 254 248 250 250 249 248 252 254 257 258 261 262 262 264 267 268 270 271 270 264 258 264 271 273 277
228 236 244 246 249 256 267 278 284 283 276 272 274 278 285 287 281 278 283 285 286 289 289 289 289 289 288 292 296 299 300 301 303 306 307 306 307 307 307 305 303 302 301 298 296 293 292 292 295 297 296 296 295 294 292 290 290 293 295 293 286 280 274 268 259 254 250 252 254 254 249 246 248 246 245 252 256 258 257 260 263 264 265 266 270 271 271 271 263 255 261 268 272 274
229 232 239 248 257 265 272 279 283 284 285 282 280 282 287 289 284 279 281 283 287 291 290 291 291 291 291 292 294 297 298 300 303 306 308 308 308 308 307 305 304 303 302 299 295 290 290 289 291 293 291 290 290 287 285 285 286 287 287 284 279 274 269 265 259 255 251 249 251 253 252 246 245 245 244 253 257 259 259 261 264 268 269 268 275 274 270 268 260 252 254 262 269 271
238 234 242 253 260 266 272 276 278 282 288 288 285 286 289 290 286 281 280 283 288 293 293 293 295 295 295 295 294 295 297 300 303 305 307 309 308 308 306 306 305 304 302 299 294 290 289 287 288 290 287 286 285 282 280 280 280 281 280 278 274 270 267 264 258 254 250 247 250 251 249 243 242 244 245 253 258 261 261 262 266 271 274 272 276 270 265 265 260 253 249 253 261 264
249 242 241 250 257 262 266 271 275 283 290 291 290 290 292 293 289 282 281 283 287 292 294 295 297 298 298 297 296 296 297 299 300 303 307 309 308 308 307 308 307 305 302 299 293 290 288 286 284 285 284 282 280 278 278 277 275 276 276 274 272 269 266 263 259 254 249 244 245 247 244 241 241 244 247 253 260 263 263 265 270 275 274 272 270 263 261 263 261 256 248 249 253 256
252 247 242 247 255 259 263 270 277 284 289 291 293 293 295 295 291 284 283 284 286 290 293 294 296 297 297 296 296 296 296 298 299 302 306 308 308 308 307 308 306 303 302 299 294 290 288 286 283 282 278 277 276 276 276 274 272 273 273 271 270 268 265 265 263 257 249 242 241 242 243 240 240 243 247 253 261 264 266 267 269 272 270 269 262 255 257 260 259 256 251 248 252 253
254 250 244 246 252 258 262 269 273 276 280 287 295 297 296 294 291 286 286 287 285 287 289 291 292 294 296 297 298 297 297 297 299 301 303 306 307 308 307 306 304 303 301 299 295 291 287 285 282 280 274 272 272 272 271 269 270 270 269 269 268 267 266 265 265 259 252 246 242 238 238 238 239 244 249 254 260 266 269 268 269 270 270 267 255 250 251 253 253 252 248 246 250 254
252 251 246 245 250 258 262 266 271 275 280 287 292 293 291 290 289 287 286 289 289 288 290 291 291 293 297 301 300 297 298 298 300 301 303 306 308 308 308 305 304 302 300 298 294 292 288 285 280 275 271 266 265 266 265 265 267 269 271 271 269 268 269 268 264 258 253 250 246 240 236 236 238 244 249 254 259 266 268 267 268 271 270 261 249 247 247 247 246 246 243 241 246 253
247 250 250 249 251 257 262 268 274 277 279 282 283 283 283 286 290 289 288 290 293 293 295 295 295 295 299 302 302 301 301 301 302 304 307 308 309 309 308 305 305 304 301 298 295 294 289 283 277 273 267 263 262 263 262 262 266 270 272 270 267 268 272 269 264 257 253 250 247 240 236 237 239 243 249 255 261 266 267 268 268 269 268 255 244 244 245 245 244 244 240 237 243 253
243 247 254 256 253 254 259 265 269 271 271 272 275 279 281 288 293 292 291 293 296 297 299 299 297 298 302 305 305 304 305 305 305 306 307 306 307 307 306 306 305 305 303 299 297 293 287 279 275 269 264 261 261 260 259 261 266 268 268 265 264 266 269 265 260 253 251 248 246 238 236 241 243 245 249 258 263 265 266 267 266 265 263 250 242 242 244 245 242 240 239 240 245 250
246 247 253 257 256 254 256 260 262 265 269 274 279 285 288 294 297 296 295 296 299 299 301 301 301 303 305 307 307 307 307 307 307 306 304 302 302 303 303 305 303 303 301 298 295 291 285 280 278 272 266 262 261 259 258 261 266 266 264 264 263 261 260 256 253 250 249 247 243 237 238 244 246 248 249 255 261 264 265 266 264 263 258 246 240 242 246 246 239 237 240 243 245 246
