ASCII/Jawoyn_Burnt2018_DOY.asc
NCOLS 330
NROWS 221
XLLCORNER 13445.0000000000
YLLCORNER -1537245.0000000000
CELLSIZE 250.000000
NODATA_VALUE -99999.0
[rows 96 to 127 of 221, columns 72 to 143 of 330]
315.0 315.0 315.0 212.0 212.0 212.0 212.0 109.0 109.0 109.0 109.0 109.0 109.0 109.0 109.0 109.0 109.0 -99999.0 -99999.0 -99999.0 -99999.0 -99999.0 -99999.0 -99999.0 -99999.0 -99999.0 -99999.0 -99999.0 109.0 149.0 149.0 149.0 -99999.0 -99999.0 -99999.0 -99999.0 320.0 320.0 320.0 320.0 320.0 320.0 321.0 -99999.0 -99999.0 -99999.0 -99999.0 321.0 321.0 321.0 321.0 55.0 -99999.0 -99999.0 -99999.0 -99999.0 -99999.0 -99999.0 -99999.0 -99999.0 -99999.0 -99999.0 -99999.0 -99999.0 -99999.0 113.0 113.0 113.0 113.0 114.0 114.0 114.0
315.0 315.0 315.0 212.0 212.0 212.0 212.0 109.0 109.0 109.0 109.0 109.0 109.0 109.0 109.0 109.0 109.0 -99999.0 -99999.0 -99999.0 -99999.0 -99999.0 -99999.0 -99999.0 -99999.0 -99999.0 -99999.0 -99999.0 109.0 109.0 149.0 149.0 109.0 -99999.0 -99999.0 -99999.0 -99999.0 320.0 320.0 320.0 320.0 320.0 321.0 -99999.0 -99999.0 321.0 321.0 321.0 321.0 321.0 55.0 55.0 -99999.0 -99999.0 -99999.0 -99999.0 -99999.0 -99999.0 -99999.0 -99999.0 -99999.0 -99999.0 -99999.0 -99999.0 -99999.0 113.0 113.0 113.0 113.0 114.0 114.0 114.0
109.0 109.0 109.0 212.0 212.0 212.0 212.0 109.0 109.0 109.0 109.0 109.0 109.0 109.0 109.0 109.0 109.0 109.0 -99999.0 -99999.0 -99999.0 -99999.0 -99999.0 -99999.0 -99999.0 -99999.0 109.0 109.0 109.0 109.0 109.0 109.0 109.0 -99999.0 -99999.0 -99999.0 -99999.0 320.0 320.0 320.0 320.0 320.0 321.0 321.0 321.0 321.0 321.0 321.0 321.0 55.0 55.0 55.0 -99999.0 -99999.0 -99999.0 -99999.0 -99999.0 -99999.0 -99999.0 -99999.0 -99999.0 -99999.0 -99999.0 -99999.0 -99999.0 113.0 113.0 113.0 113.0 113.0 114.0 114.0
109.0 109.0 109.0 315.0 315.0 315.0 315.0 109.0 109.0 109.0 109.0 109.0 109.0 109.0 109.0 109.0 109.0 109.0 -99999.0 -99999.0 -99999.0 -99999.0 -99999.0 -99999.0 -99999.0 -99999.0 109.0 109.0 109.0 109.0 109.0 109.0 109.0 -99999.0 -99999.0 -99999.0 -99999.0 148.0 148.0 148.0 148.0 148.0 148.0 148.0 148.0 148.0 148.0 148.0 148.0 55.0 55.0 55.0 -99999.0 -99999.0 -99999.0 -99999.0 -99999.0 -99999.0 -99999.0 -99999.0 -99999.0 -99999.0 -99999.0 -99999.0 -99999.0 112.5 112.5 113.0 113.0 113.0 112.0 112.0
212.0 212.0 212.0 315.0 315.0 315.0 315.0 109.0 109.0 109.0 109.0 109.0 109.0 109.0 109.0 109.0 109.0 109.0 -99999.0 -99999.0 -99999.0 -99999.0 -99999.0 -99999.0 -99999.0 -99999.0 -99999.0 -99999.0 109.0 109.0 109.0 109.0 -99999.0 -99999.0 -99999.0 -99999.0 -99999.0 148.0 148.0 148.0 148.0 148.0 148.0 148.0 148.0 148.0 148.0 148.0 148.0 55.0 55.0 55.0 -99999.0 -99999.0 -99999.0 -99999.0 -99999.0 -99999.0 -99999.0 -99999.0 -99999.0 -99999.0 -99999.0 -99999.0 -99999.0 -99999.0 112.5 112.5 113.0 112.0 112.0 112.0
212.0 212.0 212.0 315.0 315.0 315.0 315.0 109.0 109.0 109.0 109.0 109.0 109.0 109.0 -99999.0 -99999.0 -99999.0 -99999.0 -99999.0 -99999.0 -99999.0 -99999.0 -99999.0 -99999.0 -99999.0 -99999.0 -99999.0 -99999.0 -99999.0 109.0 109.0 -99999.0 -99999.0 -99999.0 -99999.0 -99999.0 148.0 148.0 148.0 148.0 148.0 148.0 148.0 148.0 148.0 148.0 148.0 148.0 148.0 148.0 148.0 55.0 55.0 -99999.0 -99999.0 -99999.0 -99999.0 -99999.0 -99999.0 -99999.0 -99999.0 -99999.0 -99999.0 -99999.0 -99999.0 -99999.0 112.0 112.0 112.0 112.0 112.8 112.8
212.0 212.0 212.0 315.0 315.0 315.0 315.0 109.0 109.0 109.0 109.0 109.0 -99999.0 -99999.0 -99999.0 -99999.0 109.0 109.0 -99999.0 -99999.0 -99999.0 -99999.0 -99999.0 -99999.0 -99999.0 -99999.0 -99999.0 -99999.0 -99999.0 -99999.0 -99999.0 -99999.0 -99999.0 -99999.0 -99999.0 -99999.0 -99999.0 148.0 148.0 148.0 148.0 148.0 148.0 148.0 148.0 148.0 148.0 148.0 148.0 148.0 148.0 148.0 -99999.0 -99999.0 -99999.0 -99999.0 -99999.0 -99999.0 -99999.0 -99999.0 -99999.0 -99999.0 -99999.0 -99999.0 -99999.0 -99999.0 112.0 -99999.0 112.0 112.0 112.8 112.8
110.0 110.0 110.0 110.0 110.0 110.0 110.0 110.0 109.0 109.0 109.0 109.0 -99999.0 -99999.0 109.0 109.0 109.0 109.0 -99999.0 -99999.0 -99999.0 -99999.0 -99999.0 -99999.0 -99999.0 -99999.0 -99999.0 -99999.0 -99999.0 -99999.0 -99999.0 -99999.0 -99999.0 -99999.0 -99999.0 -99999.0 -99999.0 161.0 148.0 148.0 148.0 148.0 148.0 148.0 148.0 148.0 148.0 148.0 148.0 148.0 -99999.0 -99999.0 -99999.0 -99999.0 -99999.0 -99999.0 -99999.0 -99999.0 -99999.0 -99999.0 -99999.0 -99999.0 -99999.0 -99999.0 -99999.0 -99999.0 -99999.0 -99999.0 112.0 112.0 112.8 112.8
110.0 110.0 110.0 110.0 110.0 110.0 110.0 109.0 109.0 109.0 109.0 109.0 -99999.0 -99999.0 109.0 109.0 109.0 109.0 -99999.0 -99999.0 -99999.0 -99999.0 -99999.0 -99999.0 -99999.0 -99999.0 -99999.0 -99999.0 -99999.0 -99999.0 -99999.0 -99999.0 -99999.0 -99999.0 -99999.0 -99999.0 161.0 161.0 161.0 148.0 148.0 148.0 148.0 148.0 148.0 148.0 148.0 148.0 148.0 148.0 -99999.0 -99999.0 -99999.0 -99999.0 -99999.0 -99999.0 -99999.0 -99999.0 -99999.0 -99999.0 -99999.0 -99999.0 -99999.0 -99999.0 -99999.0 -99999.0 -99999.0 112.0 112.0 112.0 112.0 112.0
110.0 110.0 110.0 110.0 110.0 110.0 110.0 109.0 109.0 109.0 109.0 109.0 109.0 109.0 109.0 109.0 109.0 109.0 -99999.0 -99999.0 -99999.0 -99999.0 -99999.0 -99999.0 -99999.0 -99999.0 -99999.0 -99999.0 -99999.0 -99999.0 -99999.0 -99999.0 -99999.0 -99999.0 -99999.0 -99999.0 161.0 161.0 161.0 161.0 148.0 148.0 148.0 148.0 148.0 148.0 148.0 148.0 -99999.0 -99999.0 -99999.0 -99999.0 -99999.0 -99999.0 -99999.0 -99999.0 -99999.0 -99999.0 -99999.0 -99999.0 -99999.0 -99999.0 -99999.0 -99999.0 -99999.0 -99999.0 -99999.0 -99999.0 112.0 112.0 112.0 112.0
110.0 110.0 110.0 110.0 110.0 110.0 110.0 109.0 109.0 109.0 109.0 109.0 109.0 109.0 109.0 109.0 109.0 109.0 -99999.0 -99999.0 -99999.0 -99999.0 -99999.0 -99999.0 -99999.0 -99999.0 -99999.0 -99999.0 -99999.0 -99999.0 -99999.0 -99999.0 161.0 -99999.0 -99999.0 -99999.0 -99999.0 -99999.0 161.0 148.0 148.0 148.0 148.0 148.0 148.0 148.0 148.0 148.0 148.0 148.0 148.0 148.0 148.0 -99999.0 -99999.0 -99999.0 -99999.0 -99999.0 -99999.0 -99999.0 -99999.0 -99999.0 -99999.0 -99999.0 -99999.0 -99999.0 -99999.0 -99999.0 110.0 110.0 111.0 112.0
110.0 110.0 110.0 110.0 110.0 110.0 110.0 110.0 109.0 109.0 109.0 109.0 109.0 109.0 109.0 112.0 112.0 109.0 109.0 110.0 -99999.0 -99999.0 -99999.0 -99999.0 -99999.0 -99999.0 -99999.0 -99999.0 -99999.0 -99999.0 -99999.0 161.0 161.0 161.0 -99999.0 -99999.0 -99999.0 -99999.0 148.0 148.0 148.0 148.0 148.0 148.0 148.0 148.0 148.0 148.0 148.0 148.0 148.0 148.0 148.0 -99999.0 -99999.0 -99999.0 -99999.0 -99999.0 -99999.0 -99999.0 -99999.0 -99999.0 -99999.0 -99999.0 -99999.0 -99999.0 -99999.0 -99999.0 110.0 110.0 111.0 111.0
110.0 110.0 110.0 110.0 110.0 110.0 110.0 110.0 110.0 110.0 110.0 109.0 109.0 116.0 112.0 112.0 112.0 112.0 112.0 112.0 110.0 110.0 110.0 110.0 110.0 -99999.0 -99999.0 -99999.0 -99999.0 -99999.0 109.0 161.0 160.0 160.0 160.0 160.0 160.0 160.0 -99999.0 -99999.0 148.0 148.0 148.0 148.0 150.0 150.0 150.0 148.0 148.0 148.0 148.0 148.0 -99999.0 -99999.0 -99999.0 -99999.0 -99999.0 -99999.0 -99999.0 -99999.0 -99999.0 -99999.0 -99999.0 -99999.0 -99999.0 -99999.0 -99999.0 -99999.0 -99999.0 110.0 111.0 111.0
110.0 110.0 110.0 110.0 110.0 110.0 110.0 110.0 110.0 110.0 110.0 116.0 116.0 116.0 -99999.0 -99999.0 112.0 112.0 112.0 112.0 110.0 110.0 110.0 110.0 110.0 110.0 -99999.0 -99999.0 -99999.0 -99999.0 110.0 110.0 160.0 160.0 160.0 160.0 160.0 160.0 148.0 148.0 148.0 148.0 148.0 150.0 150.0 150.0 150.0 148.0 148.0 148.0 148.0 148.0 -99999.0 -99999.0 -99999.0 -99999.0 -99999.0 -99999.0 -99999.0 -99999.0 -99999.0 -99999.0 -99999.0 -99999.0 -99999.0 111.0 111.0 -99999.0 110.0 110.0 111.0 111.0
110.0 110.0 110.0 111.0 110.0 110.0 111.0 111.0 110.0 110.0 110.0 -99999.0 116.0 116.0 -99999.0 -99999.0 -99999.0 -99999.0 -99999.0 -99999.0 -99999.0 110.0 110.0 110.0 110.0 110.0 109.0 109.0 109.0 109.0 110.0 110.0 160.0 160.0 160.0 160.0 160.0 160.0 148.0 148.0 148.0 148.0 148.0 150.0 150.0 148.0 148.0 148.0 148.0 148.0 148.0 148.0 -99999.0 -99999.0 -99999.0 -99999.0 -99999.0 -99999.0 -99999.0 -99999.0 -99999.0 -99999.0 -99999.0 -99999.0 -99999.0 111.0 111.0 -99999.0 110.0 110.0 111.0 111.0
111.0 111.0 111.0 111.0 111.0 111.0 111.0 111.0 116.0 -99999.0 110.0 -99999.0 116.0 116.0 -99999.0 -99999.0 -99999.0 -99999.0 -99999.0 -99999.0 -99999.0 112.0 110.0 110.0 110.0 110.0 110.0 109.0 109.0 110.0 110.0 110.0 160.0 160.0 160.0 160.0 160.0 160.0 148.0 148.0 148.0 148.0 150.0 148.0 148.0 148.0 148.0 148.0 148.0 148.0 148.0 148.0 -99999.0 -99999.0 -99999.0 -99999.0 -99999.0 -99999.0 -99999.0 -99999.0 -99999.0 -99999.0 -99999.0 -99999.0 111.0 111.0 111.0 110.0 110.0 108.0 111.0 111.0
111.0 111.0 111.0 111.0 111.0 110.0 110.0 110.0 116.0 -99999.0 -99999.0 -99999.0 -99999.0 -99999.0 -99999.0 -99999.0 -99999.0 -99999.0 -99999.0 -99999.0 -99999.0 110.0 110.0 110.0 110.0 110.0 110.0 110.0 110.0 110.0 110.0 110.0 110.0 160.0 160.0 159.0 -99999.0 -99999.0 -99999.0 -99999.0 148.0 148.0 148.0 148.0 148.0 -99999.0 -99999.0 148.0 148.0 148.0 148.0 148.0 -99999.0 -99999.0 -99999.0 -99999.0 -99999.0 -99999.0 -99999.0 -99999.0 108.0 108.0 108.0 108.0 108.0 108.0 108.0 110.0 110.0 108.0 108.0 110.0
213.0 213.0 111.0 111.0 110.0 110.0 110.0 110.0 116.0 -99999.0 -99999.0 -99999.0 -99999.0 -99999.0 -99999.0 -99999.0 -99999.0 -99999.0 -99999.0 110.0 110.0 110.0 110.0 110.0 110.0 110.0 110.0 110.0 110.0 110.0 110.0 110.0 110.0 110.0 159.0 159.0 159.0 159.0 -99999.0 -99999.0 148.0 148.0 148.0 148.0 148.0 148.0 148.0 148.0 154.9 154.9 -99999.0 -99999.0 -99999.0 -99999.0 -99999.0 -99999.0 -99999.0 -99999.0 -99999.0 108.0 108.0 108.0 108.0 108.0 108.0 108.0 108.0 110.0 108.0 108.0 111.0 111.0
213.0 213.0 213.0 110.0 110.0 110.0 110.0 110.0 116.0 116.0 116.0 110.0 -99999.0 110.0 -99999.0 -99999.0 -99999.0 -99999.0 110.0 110.0 110.0 110.0 110.0 110.0 110.0 110.0 110.0 110.0 110.0 110.0 110.0 110.0 110.0 -99999.0 -99999.0 159.0 -99999.0 159.0 159.0 159.0 -99999.0 148.0 148.0 148.0 148.0 148.0 148.0 154.9 154.9 -99999.0 -99999.0 -99999.0 -99999.0 -99999.0 -99999.0 -99999.0 -99999.0 -99999.0 -99999.0 -99999.0 108.0 108.0 108.0 109.7 109.7 109.7 109.7 108.0 108.0 111.0 111.0 111.0
213.0 213.0 213.0 110.0 110.0 110.0 110.0 110.0 116.0 116.0 116.0 116.0 110.0 110.0 -99999.0 -99999.0 -99999.0 -99999.0 110.0 110.0 110.0 110.0 110.0 110.0 110.0 110.0 110.0 110.0 110.0 110.0 110.0 110.0 110.0 110.0 -99999.0 -99999.0 159.0 159.0 -99999.0 -99999.0 158.0 158.0 148.0 148.0 148.0 148.0 158.0 154.9 154.9 -99999.0 -99999.0 -99999.0 -99999.0 -99999.0 -99999.0 -99999.0 -99999.0 -99999.0 -99999.0 -99999.0 -99999.0 108.0 108.0 109.7 109.7 109.7 108.0 108.0 108.0 111.0 111.0 111.0
315.0 315.0 315.0 110.0 110.0 110.0 110.0 110.0 116.0 116.0 116.0 116.0 114.0 -99999.0 110.0 110.0 -99999.0 -99999.0 110.0 110.0 110.0 110.0 110.0 110.0 110.0 110.0 110.0 110.0 110.0 110.0 110.0 110.0 110.0 110.0 110.0 -99999.0 -99999.0 158.0 158.0 158.0 158.0 158.0 158.0 158.0 148.0 158.0 158.0 158.0 -99999.0 -99999.0 -99999.0 -99999.0 -99999.0 -99999.0 -99999.0 -99999.0 -99999.0 -99999.0 -99999.0 -99999.0 108.0 108.0 108.0 108.0 109.7 108.0 108.0 108.0 108.0 -99999.0 -99999.0 -99999.0
315.0 315.0 315.0 315.0 110.0 110.0 110.0 110.0 110.0 116.0 116.0 114.0 114.0 114.0 114.0 114.0 -99999.0 -99999.0 -99999.0 -99999.0 -99999.0 110.0 110.0 110.0 110.0 110.5 110.5 110.5 110.5 110.0 110.0 110.0 110.0 110.0 110.0 -99999.0 -99999.0 158.0 158.0 158.0 158.0 158.0 158.0 158.0 158.0 158.0 158.0 158.0 -99999.0 -99999.0 -99999.0 -99999.0 -99999.0 -99999.0 -99999.0 -99999.0 -99999.0 -99999.0 -99999.0 -99999.0 108.0 108.0 108.0 108.0 -99999.0 -99999.0 -99999.0 -99999.0 -99999.0 -99999.0 -99999.0 -99999.0
315.0 315.0 315.0 315.0 315.0 110.0 110.0 110.0 110.0 116.0 114.0 114.0 114.0 114.0 114.0 114.0 114.0 114.0 -99999.0 -99999.0 -99999.0 -99999.0 110.0 110.0 110.5 110.5 110.5 110.5 110.5 110.0 110.0 110.0 110.0 110.0 158.0 -99999.0 158.0 158.0 158.0 158.0 158.0 158.0 158.0 158.0 158.0 158.0 158.0 158.0 157.8 -99999.0 -99999.0 -99999.0 -99999.0 -99999.0 -99999.0 -99999.0 -99999.0 -99999.0 108.0 108.0 108.0 108.0 -99999.0 -99999.0 -99999.0 -99999.0 -99999.0 -99999.0 -99999.0 -99999.0 -99999.0 -99999.0
315.0 315.0 315.0 315.0 315.0 315.0 110.0 110.0 110.0 114.0 114.0 114.0 114.0 114.0 114.0 114.0 -99999.0 -99999.0 -99999.0 -99999.0 -99999.0 -99999.0 -99999.0 110.0 -99999.0 110.5 110.5 110.5 110.5 110.0 110.0 110.0 110.0 110.0 158.0 -99999.0 158.0 158.0 158.0 158.0 158.0 158.0 158.0 158.0 158.0 158.0 158.0 157.8 157.8 -99999.0 -99999.0 -99999.0 -99999.0 -99999.0 -99999.0 -99999.0 -99999.0 -99999.0 -99999.0 108.0 108.0 108.0 -99999.0 -99999.0 -99999.0 -99999.0 -99999.0 -99999.0 -99999.0 -99999.0 -99999.0 -99999.0
315.0 315.0 315.0 315.0 315.0 315.0 315.0 114.0 114.0 114.0 114.0 114.0 114.0 114.0 114.0 114.0 114.0 -99999.0 -99999.0 -99999.0 -99999.0 -99999.0 -99999.0 -99999.0 -99999.0 110.5 110.5 110.5 110.5 110.0 110.0 110.0 110.0 110.0 158.0 -99999.0 158.0 158.0 158.0 158.0 158.0 158.0 158.0 158.0 158.0 158.0 157.0 157.8 157.8 -99999.0 -99999.0 -99999.0 -99999.0 -99999.0 -99999.0 -99999.0 -99999.0 -99999.0 110.0 110.0 108.0 -99999.0 -99999.0 -99999.0 -99999.0 -99999.0 -99999.0 -99999.0 -99999.0 -99999.0 -99999.0 -99999.0
315.0 315.0 315.0 315.0 315.0 315.0 315.0 114.0 114.0 114.0 114.0 114.0 114.0 114.0 114.0 114.0 114.0 -99999.0 -99999.0 -99999.0 111.0 111.0 111.0 111.0 111.0 111.0 111.0 111.0 111.0 110.0 110.0 110.0 110.0 110.0 158.0 -99999.0 -99999.0 158.0 158.0 157.7 157.7 158.0 158.0 157.2 157.2 157.0 157.0 157.0 157.0 -99999.0 -99999.0 -99999.0 -99999.0 -99999.0 -99999.0 -99999.0 -99999.0 -99999.0 110.0 110.0 110.0 108.0 -99999.0 -99999.0 -99999.0 -99999.0 -99999.0 -99999.0 -99999.0 -99999.0 -99999.0 -99999.0
-99999.0 315.0 315.0 315.0 315.0 315.0 114.0 114.0 114.0 114.0 114.0 114.0 114.0 114.0 114.0 111.0 111.0 111.0 -99999.0 -99999.0 -99999.0 111.0 111.0 111.0 111.0 111.0 111.0 111.0 111.0 110.0 110.0 110.0 110.0 110.0 158.0 -99999.0 -99999.0 158.0 157.7 157.7 157.7 157.7 158.0 157.2 157.2 157.0 157.0 157.0 157.0 -99999.0 -99999.0 -99999.0 -99999.0 -99999.0 -99999.0 -99999.0 -99999.0 -99999.0 110.0 110.0 110.0 99.0 -99999.0 -99999.0 -99999.0 -99999.0 -99999.0 -99999.0 -99999.0 -99999.0 -99999.0 -99999.0
-99999.0 315.0 315.0 315.0 315.0 315.0 114.0 114.0 114.0 114.0 114.0 114.0 114.0 111.0 111.0 111.0 111.0 111.0 -99999.0 -99999.0 -99999.0 111.0 111.0 111.0 111.0 111.0 111.0 111.0 111.0 110.0 110.0 110.0 110.0 110.0 158.0 158.0 -99999.0 158.0 157.7 157.7 157.7 158.0 158.0 157.2 157.2 157.0 157.0 157.0 157.0 -99999.0 -99999.0 -99999.0 -99999.0 -99999.0 -99999.0 -99999.0 -99999.0 -99999.0 -99999.0 -99999.0 -99999.0 -99999.0 -99999.0 -99999.0 -99999.0 -99999.0 -99999.0 -99999.0 -99999.0 -99999.0 -99999.0 -99999.0
-99999.0 -99999.0 -99999.0 -99999.0 315.0 315.0 114.0 114.0 114.0 114.0 114.0 114.0 111.0 111.0 111.0 111.0 111.0 111.0 -99999.0 -99999.0 111.0 111.0 111.0 111.0 111.0 111.0 111.0 111.0 111.0 110.0 110.0 110.0 110.0 110.0 110.0 110.0 -99999.0 158.0 158.0 158.0 157.7 157.0 158.0 158.0 157.2 157.0 157.0 157.0 157.0 -99999.0 -99999.0 -99999.0 -99999.0 -99999.0 -99999.0 -99999.0 -99999.0 -99999.0 -99999.0 -99999.0 -99999.0 -99999.0 -99999.0 -99999.0 -99999.0 -99999.0 -99999.0 -99999.0 -99999.0 -99999.0 -99999.0 -99999.0
-99999.0 315.0 -99999.0 -99999.0 -99999.0 -99999.0 114.0 114.0 114.0 114.0 114.0 114.0 111.0 111.0 111.0 111.0 111.0 111.0 111.0 111.0 111.0 113.5 113.5 113.5 113.5 113.3 113.3 113.3 113.3 110.0 110.0 110.0 110.0 110.0 110.0 110.0 110.0 -99999.0 158.0 158.0 158.0 157.0 157.0 157.0 157.5 157.0 157.0 157.0 124.0 -99999.0 -99999.0 -99999.0 -99999.0 -99999.0 -99999.0 -99999.0 -99999.0 -99999.0 -99999.0 -99999.0 99.0 99.0 99.0 99.0 -99999.0 -99999.0 -99999.0 -99999.0 -99999.0 -99999.0 -99999.0 -99999.0
-99999.0 315.0 315.0 315.0 315.0 114.0 -99999.0 -99999.0 -99999.0 114.0 114.0 114.0 -99999.0 111.0 111.0 111.0 111.0 111.0 111.0 111.0 113.5 113.5 113.5 113.5 113.5 113.3 113.3 113.3 113.3 111.5 111.5 110.0 110.0 110.0 134.0 134.0 110.0 -99999.0 -99999.0 -99999.0 158.0 157.0 157.0 157.5 157.5 157.5 157.0 124.0 -99999.0 -99999.0 -99999.0 -99999.0 -99999.0 -99999.0 -99999.0 -99999.0 -99999.0 -99999.0 -99999.0 99.0 99.0 99.0 99.0 99.0 99.0 -99999.0 -99999.0 -99999.0 -99999.0 -99999.0 -99999.0 -99999.0
-99999.0 -99999.0 315.0 315.0 114.0 -99999.0 -99999.0 -99999.0 -99999.0 -99999.0 114.0 -99999.0 -99999.0 -99999.0 -99999.0 -99999.0 111.0 111.0 111.0 111.0 113.5 113.5 113.5 113.5 113.5 113.3 113.3 113.3 113.3 111.5 111.5 -99999.0 111.5 110.0 134.0 134.0 134.0 134.0 -99999.0 -99999.0 158.0 158.0 158.0 157.5 157.5 157.5 157.5 -99999.0 -99999.0 -99999.0 -99999.0 -99999.0 -99999.0 -99999.0 -99999.0 -99999.0 -99999.0 55.0 99.0 99.0 99.0 99.0 99.0 99.0 99.0 -99999.0 -99999.0 -99999.0 -99999.0 -99999.0 -99999.0 -99999.0
