ASCII/Jawoyn_DEM-80.asc
NCOLS 1028
NROWS 689
XLLCORNER 13600.0000000000
YLLCORNER -1537237.0000000000
CELLSIZE 80.000000
NODATA_VALUE -99999
[rows 462 to 503 of 689, columns 658 to 751 of 1028]
300 300 301 302 302 302 303 302 303 303 302 301 301 302 303 303 302 303 304 303 302 302 302 302 303 302 303 303 303 301 300 301 300 301 301 299 300 299 298 298 297 298 298 297 298 298 299 300 301 300 299 300 300 299 298 297 296 294 292 291 289 287 287 286 287 287 289 291 292 294 296 296 298 299 300 300 300 299 301 302 302 303 303 302 302 303 303 302 302 302 302 300 301 302
299 299 300 301 301 302 302 301 300 301 301 301 300 302 303 302 303 303 302 301 301 300 300 301 301 300 302 302 302 300 300 300 300 299 299 297 298 298 298 297 297 296 297 298 299 299 299 299 300 300 299 300 299 299 298 296 295 293 292 290 289 288 287 286 287 289 291 291 293 294 295 296 298 299 299 300 299 298 301 302 302 303 303 303 302 302 302 302 302 302 301 299 300 302
298 300 300 302 303 302 300 300 300 299 300 302 302 302 301 300 301 301 300 301 300 299 300 301 301 300 300 301 301 300 300 299 298 298 297 296 296 297 298 297 296 296 297 298 299 300 300 299 300 301 300 300 299 298 297 296 294 293 292 290 288 287 285 286 288 290 292 293 292 294 296 297 297 299 298 300 300 300 302 302 302 303 304 303 302 301 301 301 301 300 300 299 301 302
299 301 300 301 301 300 300 300 300 299 300 300 301 300 299 299 300 299 300 300 298 299 299 300 300 299 298 299 298 299 299 297 296 296 296 296 296 296 297 296 295 295 296 297 297 298 299 299 299 301 300 300 298 297 296 295 294 291 289 288 286 285 284 285 287 290 291 291 292 295 297 297 298 299 298 299 301 301 301 301 302 302 303 301 302 302 301 302 301 301 301 300 301 301
300 300 300 301 300 300 300 300 301 300 299 299 299 299 298 299 299 299 299 298 297 298 299 298 299 299 298 298 297 297 297 296 294 294 295 296 297 296 296 295 295 294 294 295 295 296 297 297 298 299 298 298 298 297 296 294 292 289 288 287 285 285 285 286 287 289 290 291 292 294 295 295 295 297 298 300 301 302 302 302 302 301 301 301 301 301 302 301 301 301 301 302 303 302
299 299 300 301 300 300 300 299 300 299 299 298 298 298 298 298 298 298 297 297 296 297 299 298 297 298 297 297 297 297 296 294 292 291 293 294 297 296 294 293 293 294 293 294 294 296 296 297 296 296 296 297 297 296 295 293 291 289 288 286 284 284 285 286 288 289 290 291 292 293 294 293 294 296 297 300 301 301 303 303 302 301 301 301 300 301 302 302 301 302 301 303 303 303
299 298 300 300 299 300 300 298 298 299 299 298 297 298 298 298 296 295 294 295 296 297 296 295 295 295 295 296 296 296 296 294 290 289 291 294 295 294 292 290 291 293 291 293 295 296 296 297 295 294 295 295 295 295 294 291 290 289 287 285 284 283 286 287 288 290 291 291 293 294 294 294 295 295 296 300 301 301 301 302 302 303 302 301 301 301 303 303 302 302 300 302 302 302
299 298 299 299 298 300 299 298 298 298 298 297 296 296 298 297 296 294 293 294 295 295 295 294 294 294 294 295 295 295 295 293 289 288 290 293 293 292 290 289 290 291 291 293 296 296 295 296 295 292 293 295 294 292 292 289 288 288 287 284 283 283 286 287 288 290 290 291 291 292 293 293 293 294 296 299 301 300 300 301 302 302 302 301 300 300 303 303 303 302 303 303 302 301
298 297 298 298 298 298 299 300 299 298 298 296 295 296 296 295 295 294 293 294 295 294 294 293 292 292 293 293 293 293 293 293 289 287 288 289 290 289 289 289 291 291 290 292 295 295 294 293 292 290 292 294 293 291 290 288 287 286 286 284 282 283 285 286 288 289 291 291 290 291 291 291 292 294 296 298 301 300 301 300 301 302 302 301 300 301 303 304 303 304 303 301 301 300
297 296 297 297 297 297 298 298 298 298 297 296 296 295 295 294 295 295 294 295 296 295 294 293 292 291 292 290 291 292 292 291 289 285 285 287 288 287 288 290 292 290 288 290 293 294 292 291 291 290 290 292 291 289 288 288 288 285 284 283 283 285 286 286 287 288 290 291 290 291 291 291 292 294 296 298 301 302 302 301 301 302 302 302 303 302 302 302 302 302 302 301 301 301
298 296 297 297 297 297 297 296 296 296 296 297 297 296 294 294 295 295 294 294 295 295 294 292 291 289 289 289 290 292 290 288 288 287 285 283 285 286 288 290 290 290 288 288 290 292 291 290 290 289 289 289 290 289 287 287 286 284 283 283 284 285 286 287 289 288 289 291 290 289 289 290 291 293 295 297 299 301 302 302 302 302 301 300 300 302 302 301 301 302 303 303 301 300
297 297 298 298 296 296 297 297 297 296 296 297 297 297 296 295 294 295 294 294 294 294 293 291 290 289 288 289 292 294 291 290 288 286 284 281 282 286 289 289 290 289 286 287 289 291 291 290 290 290 288 286 288 287 286 285 283 281 282 283 285 286 288 289 291 290 290 291 292 292 290 291 293 294 296 297 299 301 301 302 303 302 302 302 302 303 301 301 302 302 302 302 300 297
296 297 297 297 297 296 296 296 295 295 295 296 297 297 296 295 294 294 294 294 294 294 293 291 290 289 287 289 292 293 292 291 288 286 284 280 282 286 288 290 290 288 285 285 287 289 289 288 288 289 288 285 285 285 284 282 280 281 283 285 286 287 288 289 292 293 293 293 294 295 294 294 295 297 298 299 300 301 301 302 303 303 303 303 303 302 302 302 302 303 302 301 299 297
297 297 296 297 298 298 297 295 294 295 295 297 298 297 296 295 294 293 293 294 293 292 292 291 290 289 288 287 290 291 292 292 290 287 283 279 281 286 288 289 288 288 286 284 286 287 286 286 287 288 287 285 283 282 282 280 281 283 285 286 286 286 287 288 291 293 294 295 296 297 297 297 296 297 298 299 300 301 301 302 303 304 304 304 303 302 303 303 302 302 302 299 298 298
298 297 297 297 297 298 298 296 295 296 296 297 297 295 296 295 293 293 294 294 292 290 291 292 291 291 290 288 287 287 288 288 288 288 283 277 280 285 287 287 286 286 284 282 285 284 283 284 284 284 284 284 282 281 280 280 283 284 286 288 287 287 290 290 291 292 294 296 298 299 299 299 298 298 298 299 299 300 300 300 302 303 303 304 304 303 304 303 302 302 301 299 297 298
299 298 296 296 296 297 297 297 297 296 296 296 295 294 295 295 294 294 294 295 293 290 290 292 292 291 291 291 290 288 285 283 283 285 284 278 280 284 286 286 284 283 281 280 283 282 280 279 280 279 281 282 281 280 280 282 285 285 287 289 289 289 291 291 293 294 296 296 298 299 300 298 299 299 298 298 299 301 300 299 301 301 301 303 303 303 303 302 301 301 301 300 297 298
298 298 297 297 296 296 297 298 297 297 295 294 294 294 294 293 293 293 293 294 293 290 290 292 293 292 292 292 293 291 287 285 281 280 279 274 279 282 283 282 280 281 278 276 279 280 276 274 276 276 276 277 277 279 283 284 286 286 288 290 291 291 292 293 293 295 297 297 296 298 299 298 299 300 299 299 299 301 298 297 298 299 299 301 305 304 304 302 301 300 299 297 296 299
295 296 297 298 297 296 297 297 296 297 296 295 295 294 294 293 294 293 292 292 292 289 289 292 293 292 293 292 292 291 289 287 284 278 274 272 275 277 278 278 277 276 274 273 274 274 273 276 278 277 277 279 281 283 285 286 288 289 290 290 292 292 292 293 293 294 295 295 294 295 296 297 298 300 300 299 297 297 298 296 295 298 301 301 304 302 301 300 301 300 296 293 294 298
294 296 296 298 297 296 296 295 296 297 296 295 295 294 293 292 292 292 291 290 290 288 287 288 290 290 291 291 291 291 289 287 285 281 279 275 271 271 272 273 272 271 270 271 274 275 277 280 283 281 282 284 285 286 287 288 289 290 291 291 293 294 293 292 293 293 293 294 292 293 293 294 296 298 299 298 297 295 296 294 293 298 300 299 301 300 299 297 299 299 296 292 292 297
294 295 295 296 296 296 295 295 296 296 295 295 294 294 293 292 291 291 290 289 287 286 286 286 287 289 289 289 290 290 288 287 287 286 284 280 270 268 268 268 268 270 272 275 278 281 284 284 286 286 285 288 288 288 288 289 291 292 294 294 295 295 294 293 292 291 292 292 290 290 291 293 295 296 298 298 298 295 293 291 292 296 298 296 296 299 299 295 296 298 297 293 291 298
294 295 295 296 296 295 295 295 296 296 296 295 294 294 293 291 290 290 289 289 286 285 285 284 285 288 288 289 289 289 288 288 289 287 284 281 271 266 267 268 271 276 279 280 280 282 285 287 289 289 288 290 291 290 290 291 293 293 294 295 296 295 293 291 290 288 288 289 289 291 292 294 296 297 298 299 298 295 292 290 290 293 296 295 293 296 297 292 291 294 294 292 292 298
294 295 294 295 295 294 294 295 295 296 296 295 294 293 292 292 290 289 288 288 286 286 284 283 284 286 287 288 287 287 287 288 288 285 282 279 270 265 266 269 276 282 283 283 283 283 284 288 291 290 289 290 292 292 291 292 293 293 293 295 295 294 290 287 286 285 283 284 288 293 294 295 296 295 296 297 295 295 293 289 287 289 293 294 290 291 295 292 286 287 288 289 293 298
295 296 295 295 295 293 294 296 295 295 294 293 293 292 291 290 289 287 287 287 286 285 285 283 283 284 286 288 287 285 285 286 286 283 280 274 267 264 266 273 279 283 286 286 286 286 285 287 291 291 290 290 292 291 292 292 293 293 292 293 292 290 284 281 279 279 278 282 289 293 294 295 295 293 293 294 293 295 295 291 285 285 290 291 288 288 293 289 284 286 290 292 295 297
295 295 295 294 296 296 295 294 295 295 293 293 292 293 292 291 288 289 289 287 285 285 284 283 283 282 284 287 287 285 283 283 284 282 278 269 264 264 267 274 280 284 287 289 290 289 289 290 292 292 292 293 292 291 291 290 290 292 290 290 291 290 288 285 277 274 279 286 289 292 293 289 290 290 292 294 293 294 294 292 287 285 286 287 284 287 287 283 285 289 292 295 295 297
295 294 294 293 294 296 294 294 296 297 294 293 292 292 294 292 290 290 289 288 287 286 285 284 283 281 280 283 286 287 284 282 281 279 275 268 263 263 265 271 278 283 288 289 290 290 291 292 292 293 292 292 291 291 290 288 289 290 289 289 290 289 288 287 276 273 281 289 291 292 290 286 287 289 294 292 290 294 294 292 289 286 283 281 282 287 284 280 284 290 294 295 296 296
294 294 294 293 294 295 294 294 296 296 294 293 293 292 293 293 290 290 290 290 289 288 287 285 285 282 277 278 283 285 285 284 283 279 273 267 263 262 264 272 280 284 287 290 290 290 291 292 292 293 291 291 291 290 288 285 286 288 287 287 288 286 284 282 273 270 278 287 288 289 290 283 282 289 293 289 286 292 293 293 292 290 286 281 280 282 278 279 286 293 296 297 296 295
293 295 294 294 294 294 294 294 294 294 294 293 293 294 294 294 293 293 294 293 291 289 287 286 286 282 275 272 275 280 283 284 283 280 273 266 262 262 264 270 278 282 285 288 290 291 292 293 292 292 292 292 292 291 286 283 284 286 285 284 285 283 278 275 269 269 276 282 283 287 291 283 280 286 290 287 284 289 292 292 292 292 290 286 279 275 274 280 288 291 294 296 293 293
293 293 294 294 294 295 295 295 294 294 295 295 293 294 294 293 294 296 297 295 292 288 286 286 285 282 276 270 270 274 278 280 280 278 273 266 261 261 263 268 274 279 282 284 288 291 293 294 292 292 293 294 293 290 285 280 282 285 284 281 279 275 270 268 265 267 272 278 282 287 290 282 278 282 286 284 280 286 288 288 289 291 291 288 282 276 273 279 284 287 292 292 290 292
294 293 293 293 294 295 296 296 295 294 295 296 294 294 294 293 294 297 298 295 291 288 285 282 281 279 276 273 271 269 269 271 273 271 269 265 260 260 265 272 278 283 284 286 288 291 293 294 293 293 293 293 292 289 285 280 280 283 284 283 280 274 268 265 263 264 270 276 281 286 288 280 275 280 284 280 276 283 282 281 284 289 291 291 286 281 275 275 279 285 288 286 287 292
294 293 293 292 292 294 296 296 296 295 295 294 294 293 293 293 294 296 296 295 293 290 288 281 280 279 278 281 281 274 269 267 266 265 265 263 259 260 266 276 282 285 286 287 289 291 293 294 294 292 292 292 292 290 287 282 277 281 283 286 286 282 275 270 265 266 271 273 277 285 285 276 273 279 283 277 276 283 281 276 280 287 291 293 291 286 277 273 278 284 282 279 284 292
296 294 294 293 293 294 294 295 295 295 294 294 294 293 293 294 295 296 295 295 293 293 291 286 286 285 285 287 287 283 280 277 272 266 262 261 259 261 267 276 281 282 282 285 289 292 293 292 294 293 291 292 291 290 287 280 274 280 284 288 290 289 286 280 269 265 268 268 273 280 283 277 272 278 282 274 274 282 280 275 281 288 290 291 291 288 281 274 275 279 278 279 287 293
296 294 294 294 293 293 294 294 294 295 295 295 295 294 293 294 295 295 294 294 293 293 292 290 289 288 289 290 290 285 283 281 277 269 261 257 258 262 268 273 277 279 281 285 289 291 292 292 293 293 293 292 289 290 287 278 271 275 282 287 288 290 290 286 273 263 262 264 267 272 279 276 270 275 277 272 271 277 275 274 281 288 289 289 290 287 281 273 271 277 282 288 291 291
295 294 294 294 293 293 293 293 294 293 295 294 293 294 293 293 293 293 293 295 295 295 293 292 292 289 289 289 288 284 282 278 273 269 262 257 257 262 270 276 281 284 282 284 288 290 291 292 294 292 292 289 286 287 286 277 269 270 277 282 284 287 290 288 278 268 262 260 262 266 271 271 268 274 274 269 269 271 271 276 284 289 288 287 288 286 279 271 270 278 282 287 285 283
295 294 293 294 294 292 293 293 292 292 294 294 294 295 293 293 294 293 294 295 296 295 293 291 289 287 285 285 284 283 282 278 273 267 261 258 257 264 274 280 283 281 280 285 289 290 291 292 293 293 292 288 285 284 282 274 267 268 273 277 280 285 288 290 284 274 267 262 259 262 268 267 267 272 271 266 266 267 271 280 287 289 286 284 286 285 278 270 270 274 279 286 281 275
295 293 293 295 296 293 293 292 292 293 293 293 294 294 293 293 293 293 294 295 295 294 293 290 288 285 283 282 280 278 277 276 273 266 261 258 257 264 273 277 278 276 279 285 289 291 292 292 292 293 292 291 289 285 279 273 270 267 270 278 283 285 288 291 288 281 276 269 261 259 264 265 267 269 267 264 265 264 271 281 289 288 283 282 286 283 276 269 269 272 278 281 276 271
295 295 294 295 294 293 292 293 292 293 293 293 293 293 293 293 293 293 294 294 293 293 293 290 288 287 286 282 279 277 276 273 268 264 260 257 256 262 267 272 274 276 279 282 287 291 293 291 290 293 293 293 292 289 284 277 272 266 269 280 284 281 285 289 285 282 281 275 264 258 260 264 268 268 265 262 263 264 272 282 289 286 280 281 284 280 273 268 270 272 275 274 271 273
294 295 293 293 294 293 292 292 293 294 293 292 293 292 292 294 294 294 294 294 293 293 294 290 289 289 289 288 285 281 280 274 266 262 259 255 257 264 272 277 282 284 283 285 288 290 290 287 288 293 293 291 291 288 281 272 266 263 269 280 280 275 281 285 280 278 279 275 266 259 259 264 267 266 263 262 265 268 276 284 288 283 277 277 281 279 268 265 271 273 270 268 271 279
294 295 293 294 295 294 293 293 293 294 293 292 293 292 292 293 294 295 295 293 292 293 292 289 290 291 291 289 286 281 279 274 266 262 260 256 257 267 278 280 281 282 282 285 288 289 288 285 287 290 290 291 292 290 283 275 266 262 267 273 272 269 276 281 276 271 271 268 264 259 257 259 259 259 259 266 275 280 283 286 287 283 276 273 280 280 268 264 268 268 263 268 276 283
293 294 293 294 295 295 293 294 294 294 293 293 293 293 293 292 294 295 296 294 292 293 291 289 291 290 287 284 280 276 272 267 261 260 258 256 255 265 275 274 274 275 279 284 287 286 283 283 287 287 288 290 291 290 288 283 271 262 262 265 265 265 270 277 276 269 266 263 261 258 254 252 253 255 258 266 279 285 283 284 285 284 275 271 279 279 270 263 260 259 261 273 283 286
295 295 295 295 295 296 295 294 293 293 293 293 293 292 293 293 295 295 295 293 292 291 288 285 284 282 280 279 277 276 274 269 263 261 258 255 253 260 267 269 274 278 283 285 285 283 279 280 284 283 283 286 288 289 288 285 275 264 259 259 259 261 267 274 276 270 265 261 260 259 257 251 250 253 257 266 276 280 275 275 278 279 271 269 276 281 277 266 260 257 261 271 279 280
294 296 296 295 294 296 296 293 292 293 292 292 293 293 293 293 293 293 293 293 292 290 285 281 281 280 281 282 282 281 280 276 269 264 261 257 255 258 262 269 278 283 285 284 282 280 277 275 277 277 278 283 286 288 288 287 283 274 263 258 255 257 263 268 272 273 272 270 267 263 261 255 251 251 257 266 272 274 269 268 271 273 267 266 274 282 277 265 259 257 262 270 273 275
293 295 295 295 294 295 295 293 293 294 293 293 293 293 292 293 293 292 293 293 292 289 285 284 285 287 288 287 286 284 280 276 272 266 262 259 256 256 261 270 279 283 284 280 277 277 276 272 271 273 277 282 287 287 285 285 286 281 272 263 255 253 258 262 267 273 277 279 275 267 261 257 252 249 253 262 265 266 264 265 268 268 263 262 270 277 273 263 257 259 265 268 270 278
