ASCII/Jawoyn_DEM-80.asc
NCOLS 1028
NROWS 689
XLLCORNER 13600.0000000000
YLLCORNER -1537237.0000000000
CELLSIZE 80.000000
NODATA_VALUE -99999
[rows 252 to 293 of 689, columns 376 to 469 of 1028]
172 167 163 158 158 159 163 171 177 182 187 187 185 189 197 203 205 209 207 201 203 210 220 228 223 200 187 182 179 179 185 195 210 236 261 272 274 277 279 277 274 275 280 283 281 283 288 289 286 283 281 280 281 284 287 288 288 286 285 286 289 293 298 300 301 301 303 302 302 302 304 303 304 305 305 306 307 308 308 305 305 304 304 306 305 305 306 306 307 308 308 307 307 308
179 170 163 158 158 159 162 165 170 175 182 185 187 190 195 199 201 210 219 224 231 239 237 230 217 196 185 182 181 181 185 190 200 223 252 270 277 281 282 280 276 275 281 286 287 287 288 290 289 286 282 279 280 284 287 288 289 289 290 290 291 290 294 298 301 304 306 306 305 303 303 303 304 305 305 306 306 306 306 305 305 305 305 305 305 306 308 307 307 308 308 307 308 308
186 173 165 160 158 157 160 161 164 168 173 179 183 186 188 189 198 216 236 251 264 267 251 229 210 192 185 184 184 183 186 190 199 219 246 268 280 285 286 284 279 277 281 286 289 288 290 291 288 284 280 278 282 286 288 290 290 291 294 293 293 292 293 297 301 306 307 307 305 304 304 305 306 306 306 306 306 305 304 303 303 304 304 305 306 307 309 308 307 308 308 308 308 308
193 177 169 165 162 158 159 160 160 163 172 179 179 178 180 185 198 217 240 264 283 282 261 233 209 193 192 194 192 187 186 191 201 220 247 269 281 287 288 286 282 280 282 284 288 290 292 291 288 283 278 278 282 286 289 292 294 296 298 298 296 294 296 301 305 307 307 307 306 305 303 302 303 305 305 304 305 305 304 303 304 305 305 306 306 307 307 307 307 308 309 309 307 308
195 181 173 169 164 159 158 158 157 163 173 175 174 174 180 189 196 208 232 260 278 275 255 228 205 197 203 210 206 192 186 190 201 221 250 270 282 289 291 289 284 282 283 284 286 292 293 291 288 286 283 278 281 284 288 294 298 300 301 299 299 298 298 302 306 306 306 307 307 305 304 303 303 304 304 304 304 305 305 306 306 306 306 306 306 306 307 307 308 309 308 308 307 307
197 186 179 171 163 160 159 157 158 165 172 172 169 170 178 188 191 198 218 243 260 264 250 227 207 207 215 215 207 195 188 191 199 218 244 266 280 287 291 289 287 286 286 287 287 291 294 291 289 289 288 282 282 283 287 293 298 300 301 301 301 301 301 303 305 305 307 307 306 305 305 304 305 305 304 305 305 306 306 307 306 306 306 305 305 307 307 307 308 309 307 307 307 308
202 194 185 171 164 164 163 158 158 164 170 170 168 168 174 183 186 190 205 221 238 249 248 238 222 221 220 210 200 193 190 191 197 213 239 264 279 286 291 291 291 290 290 291 291 293 295 293 291 291 290 285 283 283 287 291 297 299 300 301 301 301 301 302 303 305 307 306 306 305 305 305 305 304 305 304 305 307 307 306 306 306 305 305 305 306 307 307 308 308 307 306 306 308
198 193 183 169 168 171 167 159 158 160 164 167 166 168 174 179 181 186 195 205 216 227 236 244 240 229 216 205 197 193 191 191 196 212 241 267 278 284 288 291 293 292 293 294 296 296 296 295 294 294 291 287 284 283 286 290 294 297 298 298 300 299 300 301 301 304 306 305 306 304 304 304 304 303 304 304 305 307 307 307 306 306 306 306 306 307 307 307 307 308 308 307 307 308
192 186 178 171 172 175 169 160 157 157 159 161 163 167 170 174 179 185 191 195 199 205 220 245 257 238 218 204 196 193 190 191 195 209 234 259 273 279 285 289 291 292 294 296 298 298 298 297 297 295 292 286 284 285 286 288 290 292 295 296 297 297 298 299 300 302 303 304 304 302 302 302 301 301 303 304 305 306 306 305 306 307 306 307 306 307 307 307 308 308 307 307 306 307
189 185 180 176 179 178 169 160 157 158 156 158 163 168 171 176 182 183 186 188 190 194 211 241 260 245 223 208 197 192 189 189 191 197 211 238 263 272 280 286 288 290 293 295 298 298 297 298 298 296 292 287 286 286 286 286 286 288 290 290 292 292 293 295 298 298 300 300 299 299 299 299 298 301 303 303 303 302 302 303 305 305 305 307 306 308 307 308 308 307 308 308 307 308
192 193 191 188 187 182 173 165 159 160 156 156 160 164 170 173 176 179 183 187 190 192 204 234 249 232 214 203 195 189 187 185 185 188 196 219 251 267 275 281 285 289 293 295 297 298 298 300 300 298 295 293 289 288 287 287 286 286 286 287 288 288 289 291 293 294 295 296 295 295 295 296 297 300 300 301 302 301 300 301 303 305 306 308 308 307 307 307 307 307 309 308 307 308
189 194 198 196 193 186 177 168 159 158 157 155 156 160 165 168 171 178 188 195 196 195 202 223 237 230 214 197 190 187 185 183 184 188 197 224 255 272 277 279 283 288 291 293 295 297 298 298 299 299 298 297 293 292 290 289 289 288 287 288 288 287 289 289 290 292 291 293 294 294 294 296 297 299 298 299 300 301 302 302 304 306 307 309 309 308 307 307 307 307 309 307 307 309
186 190 196 197 194 190 183 171 160 156 157 155 156 159 164 167 171 179 193 202 202 198 199 208 219 224 214 198 190 187 184 182 185 193 209 240 265 276 280 281 283 286 289 292 294 297 297 297 298 300 299 298 296 295 293 292 292 292 291 291 290 290 291 292 290 290 290 292 294 297 297 296 297 298 298 299 300 301 301 303 305 306 307 307 307 307 308 308 308 308 308 306 307 307
182 185 187 189 186 186 181 171 159 156 156 155 155 159 166 171 174 180 192 199 199 196 195 199 204 210 207 197 190 186 183 182 185 196 219 252 274 281 284 285 284 285 288 290 293 297 298 299 300 301 300 298 297 297 296 296 297 296 294 295 295 294 294 294 293 292 292 292 294 299 300 298 299 299 299 300 299 299 299 302 305 307 308 307 306 306 307 307 308 308 307 307 307 306
179 179 178 178 177 177 175 169 160 156 155 154 153 157 165 172 178 183 189 192 191 191 192 195 198 200 198 193 188 184 182 180 184 198 223 255 277 285 287 288 287 286 287 288 291 294 297 299 301 301 301 300 299 298 298 299 301 302 301 300 300 298 296 295 293 293 293 294 297 300 302 299 301 304 302 300 299 299 300 303 305 306 307 307 306 307 307 307 306 307 307 307 307 305
178 176 175 174 171 170 170 166 161 159 155 153 151 154 164 175 182 188 190 189 188 186 188 192 195 198 193 188 185 183 181 179 184 200 227 259 278 287 290 290 289 289 288 288 289 293 296 298 300 301 300 300 300 300 301 301 303 304 305 304 303 302 299 296 294 293 295 296 299 301 302 300 302 305 303 300 300 301 301 304 306 305 307 307 307 309 308 308 307 307 307 306 306 306
175 173 173 171 168 166 166 165 163 160 156 153 152 153 162 175 185 191 193 192 188 185 187 190 195 196 190 185 182 180 179 180 186 200 227 259 278 286 289 292 291 289 288 288 289 291 294 296 299 301 301 301 299 301 302 303 305 306 307 307 306 305 302 298 297 296 296 298 300 304 303 301 302 305 302 300 301 302 303 305 305 305 305 306 308 308 307 308 308 308 306 305 306 307
172 170 170 169 166 164 162 162 163 162 157 154 153 154 162 173 184 190 191 191 188 185 186 190 194 194 188 184 180 178 176 180 189 206 235 262 274 282 286 289 291 290 289 289 289 290 292 294 296 299 301 302 300 301 304 306 307 307 307 306 306 305 302 299 298 298 300 302 304 307 306 304 304 305 304 302 302 302 303 304 304 304 305 306 308 307 307 307 308 308 307 308 307 307
169 167 168 168 165 162 159 159 160 160 156 153 153 155 165 176 186 189 188 188 187 183 185 190 194 192 187 183 180 177 175 180 189 210 243 269 278 282 285 289 292 292 291 291 290 291 292 292 295 297 300 301 301 301 303 306 307 308 308 306 305 304 303 302 301 300 301 303 306 308 309 307 306 306 305 303 302 302 303 304 304 303 304 304 307 307 307 308 309 308 308 309 308 309
168 166 167 167 166 162 157 156 157 157 155 153 154 156 164 175 185 186 184 186 184 181 184 190 193 189 184 181 179 176 175 179 189 211 246 272 281 285 288 292 293 293 293 293 292 293 294 295 295 297 299 300 300 300 302 304 306 307 307 306 305 305 305 306 305 303 303 305 306 308 309 306 305 306 305 304 304 303 303 304 304 303 304 304 306 307 307 309 309 309 309 308 307 307
167 166 166 166 166 163 158 154 155 157 155 154 154 155 162 171 180 183 183 185 184 181 184 190 192 186 182 180 178 175 174 178 190 216 251 275 283 286 289 291 293 293 294 294 294 293 294 297 297 297 299 300 301 301 301 303 305 306 306 307 306 305 306 308 308 307 307 306 307 306 307 305 305 305 305 305 306 305 304 304 305 305 304 304 305 306 308 308 308 308 308 308 308 307
166 165 165 164 164 162 158 155 153 153 153 155 155 157 163 170 178 179 180 182 182 180 182 187 189 183 180 178 176 175 174 178 193 219 254 276 282 284 286 288 291 293 292 293 294 294 295 297 298 298 299 300 300 301 301 302 303 304 304 306 306 305 307 307 308 308 308 308 308 307 306 305 305 305 306 306 305 305 306 305 305 305 304 305 305 307 309 308 308 307 308 308 308 309
165 166 167 166 165 161 158 156 154 151 153 156 157 160 165 172 179 179 178 180 179 178 181 183 183 180 177 174 173 173 173 180 194 221 255 275 281 283 282 283 288 292 290 290 292 294 296 296 297 299 299 297 298 298 299 300 301 300 300 303 304 306 307 307 307 309 308 308 309 308 307 305 305 305 306 306 304 305 307 304 304 305 304 305 307 309 309 309 309 308 308 309 308 307
166 166 167 169 167 161 157 156 153 151 154 156 156 159 166 173 180 178 176 178 177 177 182 180 178 178 176 173 171 172 174 182 194 221 254 272 280 282 280 281 284 286 285 286 289 293 295 295 296 297 296 296 297 297 297 296 297 297 297 300 302 304 306 307 307 307 307 307 308 308 308 306 305 304 305 305 306 307 307 305 304 305 306 307 309 309 309 310 309 308 308 307 307 307
170 165 162 166 165 159 156 155 151 151 153 154 156 159 163 170 176 176 174 174 175 176 179 179 176 174 174 171 170 173 177 183 195 218 249 269 278 279 277 278 281 281 282 285 290 294 295 295 296 297 296 297 296 295 295 295 295 296 297 299 300 302 304 304 304 304 305 305 305 306 307 306 306 307 306 306 307 307 306 306 305 305 308 308 308 308 309 308 307 308 309 308 308 308
171 167 161 160 160 159 156 154 153 152 151 152 158 161 164 168 176 176 174 172 172 173 174 175 174 171 171 169 169 174 180 188 201 226 254 268 275 277 275 276 278 280 283 286 291 295 297 296 296 297 297 296 295 294 292 291 293 294 296 297 299 301 303 302 301 301 302 303 303 305 306 306 306 306 305 307 307 306 305 307 306 306 307 307 307 308 308 307 307 307 308 307 308 309
170 171 166 162 163 163 159 155 154 152 151 153 157 161 165 169 178 179 174 171 171 169 170 170 170 169 169 169 170 176 183 192 208 236 262 271 274 275 274 275 276 279 283 285 290 294 298 297 297 296 296 295 294 293 290 289 290 292 294 296 299 302 303 302 300 299 299 300 301 304 306 306 305 304 304 307 307 306 306 307 308 308 308 308 306 307 307 308 306 307 308 306 307 309
169 172 169 165 168 164 160 155 153 152 154 157 161 163 166 170 177 177 173 170 171 169 167 166 166 167 168 170 172 177 181 190 205 231 257 267 271 271 273 275 276 279 282 284 287 291 296 299 299 298 297 296 294 293 291 289 288 287 290 293 298 302 302 302 300 297 297 298 300 304 306 306 305 305 305 305 305 307 307 308 308 309 309 308 307 307 307 308 308 307 307 307 309 309
166 170 169 169 169 163 160 157 153 152 155 160 164 166 169 172 176 174 170 169 170 169 166 165 165 168 169 171 173 176 179 186 197 217 244 261 267 269 274 275 277 279 282 283 285 290 295 299 299 299 299 297 295 294 292 291 288 286 288 290 296 300 301 301 298 294 295 299 303 305 306 306 306 307 307 306 306 306 306 308 308 308 309 308 308 307 306 308 308 308 307 308 309 310
162 166 167 171 170 165 162 158 155 153 153 156 162 165 169 172 176 173 169 168 167 167 167 167 167 171 172 172 173 175 178 183 190 204 230 256 265 271 276 277 278 279 281 281 284 290 296 300 300 298 298 298 296 294 293 292 288 286 285 287 291 295 297 296 293 292 295 301 304 305 305 305 305 306 307 306 307 305 304 308 308 307 309 308 307 306 306 307 307 307 308 308 310 311
162 163 165 172 173 173 169 161 157 156 152 154 160 163 167 171 171 169 168 166 164 165 168 168 170 173 175 174 174 175 178 185 196 215 244 264 270 274 276 277 277 279 278 279 282 291 297 300 299 297 296 294 293 293 294 293 291 288 284 284 286 288 289 289 288 290 294 298 302 303 302 300 302 306 307 307 305 303 304 307 306 306 307 308 308 306 307 309 308 307 308 307 309 308
162 159 164 173 171 171 169 159 153 155 155 158 163 166 169 172 169 167 166 164 164 166 168 169 171 173 176 175 174 176 180 191 208 235 261 270 274 275 276 276 276 276 277 277 282 291 296 300 299 294 290 288 288 292 294 293 292 290 285 283 283 283 284 285 286 288 292 295 298 300 299 298 301 305 306 306 305 304 305 306 306 305 305 306 308 307 308 308 308 307 308 309 308 309
159 155 159 168 162 162 164 159 154 152 154 156 162 167 170 173 170 165 163 163 165 167 168 169 171 173 176 176 177 179 182 190 209 238 262 271 275 277 277 275 273 273 275 275 279 290 295 299 298 294 290 285 287 293 293 292 291 290 285 283 283 284 285 286 287 289 290 293 295 297 298 297 300 303 305 306 306 304 305 305 306 306 305 306 307 308 309 307 307 307 308 309 309 309
155 152 154 158 156 159 162 159 154 150 151 154 161 167 171 173 166 162 161 164 169 169 169 171 173 174 177 179 180 182 186 198 219 245 264 271 276 278 279 276 273 273 276 275 277 288 294 294 294 293 289 282 284 292 293 290 289 288 283 283 285 286 287 288 290 290 291 292 294 295 296 297 298 301 304 304 303 303 304 304 304 306 306 307 308 309 308 307 307 307 309 309 310 310
152 150 150 150 154 161 162 157 152 150 153 159 163 166 169 169 158 158 160 165 171 171 170 173 176 176 179 181 183 186 193 214 239 258 267 272 276 277 277 276 273 273 276 275 274 284 291 288 289 291 286 279 278 287 292 290 286 283 282 284 286 287 289 291 291 292 292 292 294 295 295 296 296 297 299 301 301 301 303 303 303 305 305 306 308 308 307 307 307 307 309 309 309 310
153 151 149 148 155 163 164 158 151 150 154 161 162 161 164 164 156 157 161 166 171 172 171 174 176 178 180 185 189 195 205 230 255 266 270 274 277 278 276 275 272 270 273 274 275 282 286 283 285 288 283 277 276 283 290 290 284 281 285 287 289 289 290 291 292 293 293 294 295 295 295 295 296 296 296 299 300 301 301 301 302 303 304 305 306 306 306 307 307 307 308 309 310 311
154 153 151 148 152 160 164 160 151 150 154 159 160 157 160 160 156 159 165 166 168 171 173 175 176 179 183 190 198 209 226 250 266 272 274 276 277 275 273 271 268 265 268 272 277 282 281 277 282 285 280 274 275 279 284 285 282 280 283 287 289 289 290 291 292 292 294 294 295 296 295 294 295 296 296 296 297 299 300 300 300 302 303 303 304 306 307 307 307 305 305 307 309 310
154 152 152 150 150 159 164 159 151 150 151 156 156 152 154 155 157 161 166 168 169 172 173 175 178 181 184 191 202 218 241 265 273 275 275 276 277 271 268 266 264 263 266 272 279 281 275 272 277 281 278 273 274 276 278 279 279 280 284 285 286 287 289 291 292 292 292 294 295 295 294 293 293 293 293 292 293 297 298 298 301 303 303 303 304 305 305 306 306 305 306 307 309 310
154 152 150 149 150 160 164 157 150 148 151 152 150 152 157 160 163 165 166 168 171 173 175 177 180 180 182 190 202 225 254 271 273 275 275 274 272 267 263 263 261 260 263 266 273 274 267 266 267 270 271 270 274 279 279 276 278 284 291 289 286 287 289 292 292 292 292 292 293 292 292 291 290 289 289 290 291 292 295 300 302 302 302 304 306 305 305 306 306 307 307 307 308 308
155 154 153 151 149 155 161 156 151 148 148 148 147 152 159 165 169 170 169 171 173 174 175 177 178 179 184 191 201 223 255 271 271 272 273 271 268 263 260 259 258 257 259 261 265 265 263 263 266 269 270 271 278 285 283 279 281 288 293 292 289 288 291 293 293 292 292 292 291 290 289 288 287 286 287 288 288 290 296 301 303 302 302 304 305 305 306 306 307 308 308 308 309 308
158 158 158 159 152 150 153 153 150 147 147 146 147 151 157 165 169 172 171 172 173 173 173 175 175 176 181 188 199 228 259 270 269 269 269 269 267 262 258 257 256 255 256 258 260 263 265 266 269 276 278 277 283 288 287 282 282 288 293 293 291 289 290 293 294 295 293 293 291 289 287 284 283 284 284 286 287 291 297 301 305 304 304 305 305 305 307 307 307 307 308 309 308 306
160 162 162 163 155 148 147 147 148 149 147 148 151 153 158 166 167 170 170 172 172 171 171 172 172 175 180 188 202 234 261 267 266 266 266 266 264 260 256 254 253 254 256 259 266 270 272 272 273 279 283 285 288 291 291 288 285 287 291 293 292 291 291 294 294 296 296 294 292 290 288 283 281 281 282 284 288 294 299 302 306 306 305 306 306 306 308 308 308 307 308 308 307 306
