ASCII/Jawoyn_Burnt2018_DOY.asc
NCOLS 330
NROWS 221
XLLCORNER 13445.0000000000
YLLCORNER -1537245.0000000000
CELLSIZE 250.000000
NODATA_VALUE -99999.0
[rows 0 to 31 of 221, columns 144 to 215 of 330]
136.0 137.0 137.0 137.0 137.0 137.0 137.0 140.7 140.7 140.7 140.7 140.7 140.7 140.7 142.0 142.0 142.0 142.0 142.0 142.0 142.0 142.0 142.0 142.0 142.0 144.0 146.0 146.0 146.0 146.0 146.0 148.0 148.0 148.0 148.0 148.0 148.0 147.0 150.0 150.0 150.0 150.0 150.0 150.0 151.0 151.0 151.0 151.0 151.0 151.0 151.0 151.0 153.0 153.0 -99999.0 -99999.0 153.0 111.0 111.0 111.0 -99999.0 111.0 111.0 111.0 111.0 111.0 111.0 111.0 111.0 111.0 111.0 111.0
137.0 136.0 136.0 137.0 137.0 137.0 140.7 140.7 140.7 140.7 140.7 140.7 140.7 140.7 144.0 142.0 142.0 142.0 142.0 142.0 142.0 142.0 142.0 142.0 144.0 144.0 146.0 146.0 146.0 146.0 146.0 148.0 148.0 148.0 148.0 148.0 147.0 147.0 150.0 150.0 150.0 150.0 150.0 150.0 151.0 151.0 151.0 151.0 151.0 151.0 151.0 151.0 153.0 153.0 153.0 -99999.0 153.0 111.0 111.0 111.0 111.0 111.0 111.0 111.0 111.0 111.0 111.0 111.0 111.0 111.0 111.0 111.0
137.0 137.0 137.0 137.0 137.0 138.0 140.7 140.7 140.7 140.7 140.7 140.7 140.7 140.7 144.0 144.0 144.0 144.0 144.0 144.0 144.0 142.0 144.0 144.0 144.0 144.0 146.0 146.0 146.0 146.0 146.0 148.0 148.0 148.0 148.0 147.0 147.0 147.0 150.0 150.0 150.0 150.0 150.0 150.0 151.0 151.0 151.0 151.0 151.0 151.0 151.0 151.0 153.0 153.0 153.0 -99999.0 153.0 111.0 111.0 111.0 111.0 111.0 111.0 111.0 111.0 111.0 111.0 111.0 111.0 111.0 111.0 111.0
137.0 137.0 137.0 137.0 138.0 138.0 140.7 140.7 140.7 140.7 140.7 140.7 140.7 140.7 144.0 144.0 144.0 144.0 144.0 144.0 144.0 144.0 144.0 144.0 144.0 144.0 146.0 146.0 146.0 146.0 146.0 148.0 148.0 148.0 147.0 147.0 147.0 147.0 150.0 150.0 150.0 150.0 150.0 150.0 151.0 151.0 151.0 151.0 151.0 151.0 151.0 151.0 153.0 153.0 153.0 -99999.0 -99999.0 -99999.0 -99999.0 -99999.0 -99999.0 111.0 111.0 111.0 111.0 111.0 111.0 111.0 111.0 111.0 111.0 111.0
137.0 137.0 137.0 138.0 138.0 138.0 140.7 140.7 140.7 140.7 140.7 140.7 140.7 144.0 144.0 144.0 144.0 144.0 144.0 144.0 144.0 144.0 144.0 144.0 144.0 144.5 146.0 146.0 146.0 146.0 146.0 147.0 147.0 147.0 147.0 147.0 147.0 147.0 149.0 150.0 150.0 150.0 150.0 150.0 150.0 151.0 151.0 151.0 151.0 151.0 151.0 -99999.0 153.0 153.0 -99999.0 -99999.0 -99999.0 -99999.0 -99999.0 -99999.0 -99999.0 -99999.0 -99999.0 -99999.0 -99999.0 -99999.0 111.0 111.0 111.0 111.0 111.0 111.0
137.0 137.0 137.0 137.2 138.0 138.0 142.0 140.7 140.7 140.7 140.7 140.7 144.0 144.0 144.0 144.0 144.0 144.0 144.0 144.0 144.0 144.0 144.0 144.5 144.5 144.5 144.5 146.0 146.0 146.0 146.0 147.0 147.0 147.0 147.0 147.0 147.0 147.0 149.0 149.0 150.0 150.0 150.0 150.0 150.0 150.0 151.0 151.0 151.0 151.0 151.0 -99999.0 -99999.0 -99999.0 -99999.0 -99999.0 -99999.0 -99999.0 -99999.0 -99999.0 -99999.0 -99999.0 -99999.0 -99999.0 -99999.0 -99999.0 -99999.0 111.0 111.0 111.0 111.0 111.0
137.0 138.0 137.2 137.2 141.0 141.0 142.0 142.0 142.0 142.0 140.7 144.0 144.0 144.0 144.0 144.0 144.0 144.0 144.0 144.0 144.0 144.0 144.0 144.5 144.5 144.5 144.5 146.0 147.0 146.0 146.0 148.0 148.0 148.0 147.0 147.0 150.0 150.0 149.0 149.0 149.0 149.0 150.0 150.0 150.0 150.0 151.0 151.0 151.0 151.0 -99999.0 -99999.0 -99999.0 -99999.0 -99999.0 -99999.0 -99999.0 -99999.0 -99999.0 -99999.0 -99999.0 -99999.0 -99999.0 -99999.0 -99999.0 -99999.0 -99999.0 -99999.0 111.0 111.0 111.0 111.0
138.0 138.0 119.0 119.0 141.0 141.0 141.0 142.0 142.0 142.0 144.0 144.0 144.0 144.0 144.0 144.0 144.0 144.0 144.0 144.0 144.0 144.0 144.0 140.2 140.2 140.2 140.2 147.0 147.0 147.0 147.0 148.0 148.0 148.0 150.0 150.0 150.0 149.0 149.0 149.0 149.0 149.0 149.0 150.0 150.0 150.0 151.0 151.0 151.0 151.0 -99999.0 -99999.0 -99999.0 -99999.0 -99999.0 -99999.0 -99999.0 -99999.0 -99999.0 -99999.0 -99999.0 -99999.0 -99999.0 -99999.0 -99999.0 -99999.0 -99999.0 -99999.0 111.0 111.0 111.0 111.0
138.0 138.0 119.0 119.0 141.0 141.0 141.0 142.8 142.8 142.8 144.0 144.0 144.0 144.0 144.0 144.0 144.0 144.0 144.0 144.0 144.0 144.0 144.0 140.2 140.2 140.2 140.2 147.0 147.0 147.0 147.0 148.0 148.0 148.0 150.0 150.0 150.0 149.0 149.0 149.0 149.0 149.0 151.0 151.0 151.0 150.0 151.0 151.0 -99999.0 -99999.0 -99999.0 -99999.0 -99999.0 -99999.0 -99999.0 -99999.0 -99999.0 -99999.0 -99999.0 -99999.0 -99999.0 -99999.0 -99999.0 -99999.0 -99999.0 -99999.0 -99999.0 -99999.0 -99999.0 -99999.0 111.0 -99999.0
138.0 138.0 141.0 141.0 141.0 141.0 142.8 142.8 142.8 144.0 144.0 144.0 144.0 144.0 144.0 144.0 144.0 144.0 144.0 144.0 -99999.0 -99999.0 -99999.0 119.0 -99999.0 -99999.0 140.2 147.0 147.0 147.0 147.0 147.0 148.3 148.3 148.3 150.0 150.0 149.0 149.0 149.0 149.0 151.0 151.0 151.0 151.0 151.0 151.0 -99999.0 -99999.0 -99999.0 -99999.0 -99999.0 -99999.0 -99999.0 -99999.0 -99999.0 -99999.0 -99999.0 -99999.0 -99999.0 -99999.0 -99999.0 -99999.0 -99999.0 -99999.0 -99999.0 -99999.0 -99999.0 -99999.0 -99999.0 -99999.0 -99999.0
131.0 141.0 141.0 141.0 141.0 141.0 142.8 142.8 144.0 144.0 144.0 144.0 144.0 144.0 144.0 144.0 144.0 144.0 144.0 144.0 144.0 144.0 144.0 119.0 119.0 119.0 140.2 147.0 147.0 147.0 147.0 151.0 148.3 148.3 148.3 148.3 151.0 149.0 151.0 151.0 151.0 151.0 151.0 151.0 151.0 -99999.0 -99999.0 -99999.0 -99999.0 -99999.0 -99999.0 -99999.0 -99999.0 -99999.0 -99999.0 -99999.0 -99999.0 -99999.0 -99999.0 -99999.0 -99999.0 -99999.0 -99999.0 -99999.0 -99999.0 -99999.0 -99999.0 -99999.0 -99999.0 -99999.0 -99999.0 -99999.0
131.0 119.0 -99999.0 119.0 119.0 119.0 142.8 144.0 144.0 144.0 -99999.0 -99999.0 144.0 144.0 144.0 144.0 144.0 144.0 144.0 144.0 144.0 144.0 144.0 119.0 119.0 119.0 119.0 147.0 147.0 151.0 151.0 151.0 151.0 151.0 148.3 151.0 151.0 151.0 151.0 151.0 151.0 151.0 151.0 151.0 151.0 -99999.0 -99999.0 -99999.0 -99999.0 -99999.0 -99999.0 -99999.0 -99999.0 -99999.0 -99999.0 -99999.0 -99999.0 -99999.0 -99999.0 -99999.0 -99999.0 -99999.0 -99999.0 -99999.0 -99999.0 -99999.0 -99999.0 -99999.0 -99999.0 -99999.0 -99999.0 -99999.0
119.0 119.0 119.0 -99999.0 -99999.0 -99999.0 144.0 144.0 144.0 -99999.0 -99999.0 -99999.0 -99999.0 144.0 119.0 119.0 119.0 119.0 119.0 119.0 119.0 119.0 119.0 118.5 118.5 118.5 118.5 151.0 151.0 151.0 151.0 151.0 151.0 151.0 151.0 151.0 151.0 151.0 151.0 -99999.0 151.0 151.0 151.0 151.0 151.0 -99999.0 -99999.0 -99999.0 -99999.0 -99999.0 -99999.0 -99999.0 -99999.0 -99999.0 -99999.0 -99999.0 -99999.0 -99999.0 -99999.0 -99999.0 -99999.0 -99999.0 -99999.0 -99999.0 -99999.0 -99999.0 -99999.0 -99999.0 -99999.0 -99999.0 -99999.0 -99999.0
119.0 119.0 119.0 119.0 -99999.0 119.0 119.0 144.0 144.0 144.0 144.0 120.0 120.0 120.0 119.0 119.0 119.0 119.0 119.0 119.0 119.0 119.0 119.0 119.0 118.5 118.5 118.5 151.0 151.0 151.0 151.0 151.0 151.0 151.0 151.0 151.0 -99999.0 -99999.0 -99999.0 -99999.0 -99999.0 -99999.0 -99999.0 -99999.0 -99999.0 -99999.0 -99999.0 -99999.0 -99999.0 -99999.0 -99999.0 -99999.0 -99999.0 -99999.0 -99999.0 -99999.0 -99999.0 -99999.0 -99999.0 -99999.0 -99999.0 -99999.0 -99999.0 -99999.0 -99999.0 -99999.0 -99999.0 -99999.0 -99999.0 -99999.0 -99999.0 -99999.0
119.0 119.0 119.0 119.0 119.0 119.0 119.0 121.0 121.0 121.0 121.0 120.0 120.0 120.0 119.0 119.0 119.0 119.0 119.0 119.0 119.0 119.0 119.0 119.0 119.0 118.5 118.5 -99999.0 151.0 151.0 151.0 151.0 -99999.0 -99999.0 -99999.0 -99999.0 -99999.0 -99999.0 -99999.0 -99999.0 -99999.0 -99999.0 -99999.0 -99999.0 -99999.0 -99999.0 -99999.0 -99999.0 -99999.0 -99999.0 -99999.0 -99999.0 -99999.0 -99999.0 -99999.0 -99999.0 -99999.0 -99999.0 -99999.0 -99999.0 -99999.0 -99999.0 -99999.0 -99999.0 -99999.0 -99999.0 -99999.0 -99999.0 -99999.0 -99999.0 -99999.0 -99999.0
119.0 119.0 119.0 119.0 119.0 119.0 121.0 121.0 121.0 121.0 121.0 121.0 120.0 120.0 120.0 119.0 119.0 119.0 119.0 119.0 119.0 119.0 119.0 119.0 119.0 119.0 118.5 -99999.0 151.0 151.0 151.0 151.0 -99999.0 -99999.0 -99999.0 -99999.0 -99999.0 -99999.0 -99999.0 -99999.0 -99999.0 -99999.0 -99999.0 -99999.0 -99999.0 -99999.0 -99999.0 -99999.0 -99999.0 -99999.0 -99999.0 -99999.0 -99999.0 -99999.0 -99999.0 -99999.0 -99999.0 -99999.0 -99999.0 -99999.0 -99999.0 -99999.0 -99999.0 -99999.0 -99999.0 -99999.0 -99999.0 -99999.0 -99999.0 -99999.0 -99999.0 -99999.0
119.0 119.0 119.0 119.0 119.0 119.0 121.0 121.0 121.0 121.0 121.0 121.0 121.0 120.0 120.0 119.0 119.0 119.0 119.0 119.0 119.0 119.0 119.0 119.0 119.0 119.0 -99999.0 -99999.0 -99999.0 -99999.0 -99999.0 -99999.0 -99999.0 -99999.0 -99999.0 -99999.0 -99999.0 -99999.0 -99999.0 -99999.0 -99999.0 -99999.0 -99999.0 -99999.0 -99999.0 -99999.0 -99999.0 -99999.0 -99999.0 -99999.0 -99999.0 -99999.0 -99999.0 -99999.0 -99999.0 -99999.0 -99999.0 -99999.0 -99999.0 -99999.0 -99999.0 -99999.0 -99999.0 -99999.0 -99999.0 -99999.0 -99999.0 -99999.0 -99999.0 -99999.0 -99999.0 -99999.0
119.0 119.0 119.0 119.0 119.0 119.0 121.0 121.0 121.0 121.0 121.0 121.0 121.0 121.0 120.0 119.0 119.0 120.0 120.0 119.0 119.0 119.0 119.0 119.0 119.0 119.0 -99999.0 -99999.0 -99999.0 -99999.0 -99999.0 -99999.0 -99999.0 -99999.0 -99999.0 -99999.0 -99999.0 -99999.0 -99999.0 -99999.0 -99999.0 -99999.0 -99999.0 -99999.0 -99999.0 -99999.0 -99999.0 -99999.0 -99999.0 -99999.0 -99999.0 -99999.0 -99999.0 -99999.0 -99999.0 -99999.0 -99999.0 -99999.0 -99999.0 -99999.0 -99999.0 -99999.0 -99999.0 -99999.0 -99999.0 -99999.0 -99999.0 -99999.0 -99999.0 -99999.0 -99999.0 -99999.0
119.0 119.0 119.0 119.0 119.0 119.0 121.0 121.0 121.0 121.0 121.0 121.0 121.0 121.0 121.0 119.0 120.0 120.0 120.0 121.0 -99999.0 119.0 119.0 119.0 119.0 119.0 -99999.0 -99999.0 -99999.0 -99999.0 -99999.0 -99999.0 -99999.0 -99999.0 -99999.0 -99999.0 -99999.0 -99999.0 -99999.0 -99999.0 -99999.0 -99999.0 -99999.0 -99999.0 -99999.0 -99999.0 -99999.0 -99999.0 -99999.0 -99999.0 -99999.0 -99999.0 -99999.0 -99999.0 -99999.0 -99999.0 -99999.0 -99999.0 -99999.0 -99999.0 -99999.0 -99999.0 -99999.0 -99999.0 -99999.0 -99999.0 -99999.0 -99999.0 -99999.0 -99999.0 -99999.0 -99999.0
119.0 120.0 120.0 119.0 119.0 119.0 121.0 121.0 121.0 121.0 121.0 121.0 121.0 121.0 121.0 121.0 120.0 120.0 120.0 121.0 -99999.0 -99999.0 -99999.0 -99999.0 -99999.0 -99999.0 -99999.0 -99999.0 -99999.0 -99999.0 -99999.0 -99999.0 -99999.0 -99999.0 -99999.0 -99999.0 -99999.0 -99999.0 -99999.0 -99999.0 -99999.0 -99999.0 -99999.0 -99999.0 -99999.0 -99999.0 -99999.0 -99999.0 -99999.0 -99999.0 -99999.0 -99999.0 -99999.0 -99999.0 -99999.0 -99999.0 -99999.0 -99999.0 -99999.0 -99999.0 -99999.0 -99999.0 -99999.0 -99999.0 -99999.0 -99999.0 -99999.0 -99999.0 -99999.0 -99999.0 -99999.0 -99999.0
120.0 120.0 120.0 120.0 119.0 119.0 119.0 121.0 121.0 121.0 121.0 121.0 121.0 121.0 121.0 121.0 121.0 120.0 120.0 121.0 121.0 -99999.0 -99999.0 -99999.0 -99999.0 -99999.0 -99999.0 -99999.0 -99999.0 -99999.0 -99999.0 -99999.0 -99999.0 -99999.0 -99999.0 -99999.0 -99999.0 -99999.0 121.0 -99999.0 -99999.0 121.0 -99999.0 -99999.0 -99999.0 -99999.0 -99999.0 -99999.0 -99999.0 -99999.0 -99999.0 -99999.0 -99999.0 -99999.0 -99999.0 -99999.0 -99999.0 -99999.0 -99999.0 -99999.0 -99999.0 -99999.0 -99999.0 -99999.0 -99999.0 -99999.0 -99999.0 -99999.0 -99999.0 -99999.0 -99999.0 -99999.0
120.0 120.0 120.0 119.8 119.0 119.0 119.0 121.0 121.0 121.0 121.0 121.0 121.0 121.0 121.0 121.0 121.0 121.0 121.0 121.0 121.0 -99999.0 -99999.0 -99999.0 -99999.0 -99999.0 -99999.0 -99999.0 -99999.0 -99999.0 -99999.0 -99999.0 -99999.0 -99999.0 -99999.0 -99999.0 121.0 121.0 121.0 121.0 121.0 121.0 -99999.0 121.0 -99999.0 121.0 121.0 114.0 -99999.0 -99999.0 -99999.0 -99999.0 -99999.0 -99999.0 -99999.0 -99999.0 -99999.0 -99999.0 -99999.0 -99999.0 -99999.0 -99999.0 -99999.0 -99999.0 -99999.0 -99999.0 -99999.0 -99999.0 -99999.0 -99999.0 -99999.0 -99999.0
119.8 120.0 120.0 119.8 119.8 119.0 121.0 121.0 121.0 121.0 121.0 121.0 121.0 121.0 121.0 121.0 121.0 121.0 121.0 121.0 -99999.0 -99999.0 -99999.0 -99999.0 -99999.0 -99999.0 -99999.0 -99999.0 -99999.0 -99999.0 -99999.0 -99999.0 -99999.0 -99999.0 119.0 119.0 121.0 121.0 121.0 121.0 121.0 -99999.0 -99999.0 121.0 121.0 121.0 114.0 114.0 -99999.0 -99999.0 -99999.0 -99999.0 -99999.0 -99999.0 -99999.0 -99999.0 -99999.0 -99999.0 -99999.0 -99999.0 -99999.0 -99999.0 -99999.0 -99999.0 -99999.0 -99999.0 -99999.0 -99999.0 -99999.0 -99999.0 -99999.0 -99999.0
119.8 120.0 120.0 120.0 119.8 121.0 121.0 121.0 121.0 121.0 121.0 121.0 121.0 121.0 121.0 121.0 121.0 -99999.0 -99999.0 -99999.0 -99999.0 -99999.0 -99999.0 -99999.0 -99999.0 -99999.0 -99999.0 -99999.0 -99999.0 -99999.0 -99999.0 -99999.0 -99999.0 119.0 119.0 119.0 121.0 121.0 121.0 121.0 121.0 -99999.0 -99999.0 -99999.0 121.0 114.0 114.0 114.0 114.0 -99999.0 -99999.0 -99999.0 -99999.0 -99999.0 -99999.0 -99999.0 -99999.0 -99999.0 -99999.0 -99999.0 -99999.0 -99999.0 -99999.0 -99999.0 -99999.0 -99999.0 -99999.0 -99999.0 -99999.0 -99999.0 -99999.0 -99999.0
121.0 120.0 120.0 120.0 120.0 121.0 121.0 121.0 121.0 121.0 121.0 121.0 121.0 121.0 121.0 -99999.0 -99999.0 -99999.0 -99999.0 -99999.0 -99999.0 -99999.0 -99999.0 -99999.0 -99999.0 -99999.0 -99999.0 -99999.0 -99999.0 -99999.0 119.0 119.0 119.0 119.0 119.0 119.0 119.0 121.0 121.0 121.0 121.0 -99999.0 -99999.0 -99999.0 -99999.0 114.0 114.0 114.0 114.0 -99999.0 -99999.0 114.0 114.0 -99999.0 -99999.0 -99999.0 -99999.0 -99999.0 -99999.0 -99999.0 -99999.0 -99999.0 -99999.0 -99999.0 -99999.0 -99999.0 -99999.0 -99999.0 -99999.0 -99999.0 -99999.0 -99999.0
121.0 121.0 120.0 120.0 120.0 121.0 121.0 121.0 125.0 125.0 123.0 123.0 123.0 123.0 -99999.0 -99999.0 -99999.0 -99999.0 -99999.0 -99999.0 -99999.0 -99999.0 -99999.0 -99999.0 -99999.0 -99999.0 -99999.0 -99999.0 -99999.0 -99999.0 119.0 119.0 119.0 119.0 119.0 119.0 119.0 121.0 121.0 121.0 -99999.0 -99999.0 -99999.0 -99999.0 -99999.0 -99999.0 -99999.0 114.0 114.0 -99999.0 -99999.0 -99999.0 114.0 -99999.0 -99999.0 -99999.0 -99999.0 -99999.0 -99999.0 -99999.0 -99999.0 -99999.0 -99999.0 -99999.0 -99999.0 -99999.0 -99999.0 -99999.0 -99999.0 -99999.0 -99999.0 -99999.0
121.0 121.0 121.0 120.0 125.0 125.0 125.0 125.0 125.0 125.0 123.0 123.0 123.0 123.0 -99999.0 -99999.0 -99999.0 -99999.0 -99999.0 -99999.0 -99999.0 -99999.0 -99999.0 -99999.0 -99999.0 -99999.0 -99999.0 -99999.0 -99999.0 -99999.0 119.0 119.0 119.0 119.0 119.0 119.0 119.0 119.0 121.0 121.0 -99999.0 -99999.0 -99999.0 -99999.0 -99999.0 -99999.0 -99999.0 114.0 114.0 -99999.0 -99999.0 -99999.0 114.0 -99999.0 -99999.0 -99999.0 -99999.0 -99999.0 -99999.0 -99999.0 -99999.0 -99999.0 -99999.0 -99999.0 -99999.0 -99999.0 -99999.0 -99999.0 -99999.0 -99999.0 -99999.0 -99999.0
121.0 121.0 121.0 125.0 125.0 125.0 125.0 125.0 125.0 125.0 123.0 123.0 123.0 123.0 -99999.0 -99999.0 -99999.0 -99999.0 -99999.0 -99999.0 -99999.0 -99999.0 -99999.0 -99999.0 -99999.0 -99999.0 -99999.0 -99999.0 -99999.0 -99999.0 119.0 119.0 119.0 119.0 119.0 119.0 119.0 114.0 114.0 114.0 -99999.0 -99999.0 -99999.0 -99999.0 -99999.0 -99999.0 114.0 114.0 -99999.0 -99999.0 -99999.0 -99999.0 114.0 114.0 -99999.0 -99999.0 -99999.0 -99999.0 -99999.0 -99999.0 -99999.0 -99999.0 -99999.0 -99999.0 -99999.0 -99999.0 -99999.0 -99999.0 -99999.0 -99999.0 -99999.0 -99999.0
121.0 121.0 121.0 125.0 125.0 125.0 125.0 125.0 125.0 125.0 125.0 123.0 -99999.0 -99999.0 -99999.0 -99999.0 -99999.0 -99999.0 -99999.0 -99999.0 -99999.0 -99999.0 -99999.0 -99999.0 -99999.0 -99999.0 -99999.0 -99999.0 -99999.0 -99999.0 119.0 119.0 119.0 119.0 119.0 114.0 114.0 -99999.0 114.0 114.0 114.0 -99999.0 -99999.0 -99999.0 -99999.0 -99999.0 -99999.0 -99999.0 -99999.0 -99999.0 -99999.0 -99999.0 114.0 114.0 -99999.0 -99999.0 -99999.0 -99999.0 -99999.0 -99999.0 -99999.0 -99999.0 -99999.0 -99999.0 -99999.0 -99999.0 -99999.0 -99999.0 -99999.0 -99999.0 -99999.0 -99999.0
124.0 124.0 124.0 124.0 125.0 125.0 125.0 125.0 125.0 125.0 125.0 123.0 -99999.0 -99999.0 -99999.0 -99999.0 -99999.0 -99999.0 -99999.0 -99999.0 -99999.0 -99999.0 -99999.0 -99999.0 -99999.0 -99999.0 -99999.0 -99999.0 -99999.0 -99999.0 -99999.0 -99999.0 119.0 -99999.0 -99999.0 -99999.0 -99999.0 -99999.0 -99999.0 -99999.0 -99999.0 -99999.0 -99999.0 -99999.0 -99999.0 -99999.0 -99999.0 -99999.0 -99999.0 -99999.0 -99999.0 -99999.0 114.0 114.0 -99999.0 -99999.0 -99999.0 -99999.0 -99999.0 -99999.0 -99999.0 -99999.0 -99999.0 -99999.0 -99999.0 -99999.0 -99999.0 -99999.0 -99999.0 -99999.0 -99999.0 -99999.0
124.0 124.0 124.0 124.0 125.0 125.0 125.0 -99999.0 125.0 125.0 125.0 125.0 123.0 -99999.0 -99999.0 -99999.0 -99999.0 -99999.0 -99999.0 -99999.0 -99999.0 -99999.0 -99999.0 -99999.0 -99999.0 -99999.0 -99999.0 -99999.0 -99999.0 -99999.0 -99999.0 -99999.0 -99999.0 -99999.0 -99999.0 -99999.0 -99999.0 -99999.0 -99999.0 -99999.0 -99999.0 -99999.0 -99999.0 -99999.0 -99999.0 -99999.0 -99999.0 -99999.0 -99999.0 -99999.0 -99999.0 114.0 113.4 113.4 -99999.0 -99999.0 113.0 113.0 113.0 -99999.0 -99999.0 -99999.0 -99999.0 -99999.0 -99999.0 -99999.0 -99999.0 -99999.0 -99999.0 -99999.0 -99999.0 -99999.0
124.0 124.0 124.0 124.0 125.0 125.0 -99999.0 -99999.0 -99999.0 -99999.0 -99999.0 -99999.0 -99999.0 -99999.0 -99999.0 -99999.0 -99999.0 -99999.0 -99999.0 -99999.0 -99999.0 -99999.0 -99999.0 -99999.0 -99999.0 -99999.0 -99999.0 -99999.0 -99999.0 -99999.0 -99999.0 -99999.0 -99999.0 -99999.0 -99999.0 -99999.0 -99999.0 -99999.0 -99999.0 -99999.0 -99999.0 -99999.0 -99999.0 -99999.0 -99999.0 -99999.0 -99999.0 -99999.0 -99999.0 114.0 114.0 114.0 113.4 113.4 113.4 113.4 113.4 113.0 113.0 113.0 113.0 -99999.0 -99999.0 -99999.0 -99999.0 -99999.0 -99999.0 -99999.0 -99999.0 -99999.0 -99999.0 -99999.0
