ASCII/Jawoyn_Burnt2018_DOY.asc
NCOLS 330
NROWS 221
XLLCORNER 13445.0000000000
YLLCORNER -1537245.0000000000
CELLSIZE 250.000000
NODATA_VALUE -99999.0
[rows 160 to 191 of 221, columns 216 to 287 of 330]
160.0 160.0 160.0 -99999.0 -99999.0 -99999.0 -99999.0 -99999.0 -99999.0 -99999.0 -99999.0 -99999.0 -99999.0 -99999.0 -99999.0 -99999.0 -99999.0 -99999.0 -99999.0 112.0 112.0 112.0 112.0 112.0 112.0 113.0 113.0 113.0 113.0 115.0 115.0 115.0 115.0 115.0 115.0 115.0 115.0 115.0 115.3 115.3 115.3 118.0 118.0 119.0 119.0 119.0 119.0 119.0 -99999.0 -99999.0 -99999.0 -99999.0 -99999.0 -99999.0 -99999.0 -99999.0 -99999.0 -99999.0 -99999.0 -99999.0 -99999.0 -99999.0 -99999.0 -99999.0 -99999.0 -99999.0 -99999.0 -99999.0 -99999.0 -99999.0 -99999.0 137.0
160.0 160.0 160.0 -99999.0 -99999.0 -99999.0 -99999.0 -99999.0 -99999.0 -99999.0 -99999.0 -99999.0 -99999.0 112.0 -99999.0 -99999.0 -99999.0 -99999.0 -99999.0 112.0 112.0 112.0 112.0 112.0 112.0 113.0 113.0 113.0 113.0 113.0 113.0 113.0 113.0 116.0 116.0 116.0 116.0 116.0 117.7 117.7 118.0 118.0 118.0 119.0 119.0 119.0 119.0 -99999.0 -99999.0 -99999.0 -99999.0 -99999.0 -99999.0 -99999.0 -99999.0 -99999.0 -99999.0 -99999.0 -99999.0 -99999.0 -99999.0 -99999.0 -99999.0 -99999.0 -99999.0 -99999.0 -99999.0 -99999.0 -99999.0 -99999.0 241.0 241.0
160.0 160.0 160.0 160.0 160.0 160.0 160.0 -99999.0 -99999.0 -99999.0 -99999.0 -99999.0 -99999.0 112.0 112.0 112.0 112.0 112.0 -99999.0 112.0 112.0 -99999.0 -99999.0 -99999.0 112.0 113.0 113.0 113.0 113.0 113.0 113.0 113.0 113.0 116.0 116.0 116.0 116.0 116.0 117.7 117.7 117.7 118.0 118.0 119.0 119.0 119.0 119.0 -99999.0 -99999.0 -99999.0 -99999.0 -99999.0 -99999.0 -99999.0 -99999.0 -99999.0 -99999.0 -99999.0 -99999.0 -99999.0 -99999.0 -99999.0 -99999.0 -99999.0 159.0 159.0 159.0 -99999.0 -99999.0 241.0 241.0 241.0
160.0 160.0 160.0 160.0 160.0 160.0 160.0 -99999.0 -99999.0 -99999.0 -99999.0 -99999.0 -99999.0 112.0 112.0 112.0 112.0 112.0 -99999.0 112.0 112.0 -99999.0 -99999.0 -99999.0 112.0 113.0 113.0 113.0 113.0 113.0 113.0 113.0 113.0 116.0 116.0 116.0 116.0 116.0 116.0 117.7 117.7 118.0 118.0 119.0 119.0 119.0 119.0 119.0 -99999.0 -99999.0 -99999.0 -99999.0 -99999.0 -99999.0 -99999.0 -99999.0 -99999.0 -99999.0 -99999.0 -99999.0 -99999.0 -99999.0 -99999.0 -99999.0 159.0 159.0 159.0 159.0 241.0 241.0 241.0 241.0
160.0 160.0 160.0 160.0 160.0 160.0 160.0 -99999.0 -99999.0 -99999.0 -99999.0 -99999.0 -99999.0 112.0 112.0 112.0 112.0 112.0 112.0 -99999.0 -99999.0 -99999.0 -99999.0 -99999.0 112.0 113.0 113.0 113.0 113.0 113.0 113.0 113.0 113.0 116.0 116.0 116.0 116.0 116.0 116.0 118.0 118.0 118.0 118.0 119.0 119.0 -99999.0 -99999.0 -99999.0 -99999.0 -99999.0 -99999.0 -99999.0 -99999.0 -99999.0 -99999.0 -99999.0 -99999.0 -99999.0 -99999.0 -99999.0 -99999.0 -99999.0 -99999.0 159.0 159.0 159.0 159.0 159.0 241.0 241.0 241.0 241.0
160.0 160.0 160.0 160.0 160.0 160.0 160.0 160.0 -99999.0 -99999.0 -99999.0 -99999.0 -99999.0 -99999.0 -99999.0 -99999.0 -99999.0 -99999.0 112.0 -99999.0 -99999.0 -99999.0 -99999.0 112.0 113.0 113.0 113.0 113.0 113.0 113.0 113.0 113.0 113.0 117.0 117.0 117.0 116.0 116.0 118.0 118.0 118.0 118.0 118.0 119.0 119.0 119.0 -99999.0 -99999.0 -99999.0 -99999.0 -99999.0 -99999.0 -99999.0 -99999.0 -99999.0 -99999.0 -99999.0 -99999.0 -99999.0 -99999.0 -99999.0 -99999.0 159.0 159.0 159.0 159.0 159.0 159.0 241.0 241.0 241.0 241.0
158.0 160.0 160.0 160.0 160.0 160.0 160.0 -99999.0 -99999.0 -99999.0 -99999.0 -99999.0 -99999.0 -99999.0 -99999.0 -99999.0 -99999.0 -99999.0 112.0 -99999.0 -99999.0 -99999.0 112.0 112.0 113.0 113.0 113.0 113.0 113.0 113.0 113.0 113.0 117.0 117.0 117.0 117.0 117.0 117.0 118.7 118.7 119.0 119.0 119.0 119.0 119.0 -99999.0 -99999.0 -99999.0 -99999.0 -99999.0 -99999.0 -99999.0 -99999.0 -99999.0 -99999.0 -99999.0 -99999.0 -99999.0 -99999.0 -99999.0 -99999.0 -99999.0 159.0 159.0 159.0 159.0 159.0 132.0 138.0 138.0 241.0 241.0
158.0 158.0 158.0 150.0 150.0 150.0 -99999.0 -99999.0 -99999.0 -99999.0 -99999.0 -99999.0 -99999.0 -99999.0 -99999.0 -99999.0 -99999.0 -99999.0 -99999.0 -99999.0 -99999.0 -99999.0 112.0 113.0 113.0 113.0 113.0 113.0 113.0 113.0 113.0 117.0 117.0 117.0 117.0 117.0 117.0 117.0 118.7 118.7 118.7 119.0 119.0 119.0 119.0 -99999.0 -99999.0 -99999.0 -99999.0 -99999.0 -99999.0 -99999.0 -99999.0 -99999.0 -99999.0 -99999.0 -99999.0 -99999.0 -99999.0 -99999.0 -99999.0 -99999.0 -99999.0 159.0 159.0 159.0 132.0 132.0 138.0 138.0 138.0 138.0
158.0 158.0 150.0 150.0 150.0 150.0 150.0 -99999.0 -99999.0 -99999.0 -99999.0 -99999.0 -99999.0 -99999.0 -99999.0 -99999.0 -99999.0 -99999.0 -99999.0 -99999.0 -99999.0 -99999.0 112.0 113.0 113.0 113.0 113.0 113.0 113.0 113.0 113.0 117.0 117.0 117.0 117.0 117.0 117.0 117.0 118.7 118.7 118.7 119.0 119.0 119.0 119.0 159.0 159.0 159.0 159.0 159.0 -99999.0 -99999.0 -99999.0 -99999.0 -99999.0 -99999.0 -99999.0 -99999.0 -99999.0 -99999.0 -99999.0 -99999.0 -99999.0 159.0 159.0 132.0 132.0 132.0 138.0 138.0 -99999.0 -99999.0
158.0 158.0 150.0 150.0 -99999.0 -99999.0 -99999.0 -99999.0 -99999.0 -99999.0 -99999.0 -99999.0 -99999.0 -99999.0 -99999.0 -99999.0 -99999.0 -99999.0 -99999.0 -99999.0 -99999.0 -99999.0 -99999.0 113.0 113.0 113.0 113.0 113.0 113.0 113.0 113.0 117.0 117.0 117.0 117.0 117.0 117.0 117.0 118.7 118.7 118.7 -99999.0 -99999.0 -99999.0 -99999.0 -99999.0 159.0 159.0 159.0 159.0 159.0 -99999.0 -99999.0 -99999.0 -99999.0 -99999.0 -99999.0 -99999.0 -99999.0 -99999.0 -99999.0 159.0 159.0 159.0 132.0 -99999.0 -99999.0 -99999.0 138.0 138.0 138.0 138.0
-99999.0 -99999.0 -99999.0 -99999.0 -99999.0 -99999.0 -99999.0 -99999.0 -99999.0 -99999.0 -99999.0 -99999.0 -99999.0 -99999.0 -99999.0 -99999.0 -99999.0 -99999.0 -99999.0 -99999.0 -99999.0 -99999.0 -99999.0 113.0 113.0 113.0 113.0 113.0 113.0 113.0 113.0 118.0 118.0 118.0 118.0 118.0 118.0 118.0 119.0 119.0 119.0 -99999.0 -99999.0 -99999.0 -99999.0 -99999.0 159.0 159.0 159.0 159.0 159.0 -99999.0 -99999.0 -99999.0 -99999.0 -99999.0 -99999.0 -99999.0 -99999.0 -99999.0 -99999.0 159.0 159.0 132.0 132.0 -99999.0 -99999.0 -99999.0 -99999.0 138.0 138.0 138.0
-99999.0 -99999.0 -99999.0 -99999.0 -99999.0 -99999.0 -99999.0 -99999.0 -99999.0 -99999.0 -99999.0 -99999.0 -99999.0 -99999.0 -99999.0 -99999.0 -99999.0 -99999.0 -99999.0 -99999.0 -99999.0 -99999.0 -99999.0 -99999.0 -99999.0 113.0 113.0 113.0 113.0 113.0 118.0 118.0 118.0 118.0 118.0 118.0 118.0 118.0 119.0 119.0 -99999.0 -99999.0 -99999.0 -99999.0 -99999.0 -99999.0 159.0 159.0 159.0 159.0 159.0 -99999.0 -99999.0 -99999.0 -99999.0 -99999.0 -99999.0 -99999.0 -99999.0 -99999.0 159.0 159.0 132.0 132.0 132.0 132.0 132.0 132.0 138.0 138.0 138.0 138.0
-99999.0 -99999.0 -99999.0 -99999.0 -99999.0 -99999.0 -99999.0 -99999.0 -99999.0 -99999.0 -99999.0 -99999.0 -99999.0 -99999.0 -99999.0 -99999.0 -99999.0 -99999.0 -99999.0 -99999.0 -99999.0 -99999.0 -99999.0 -99999.0 -99999.0 111.0 111.0 113.0 113.0 113.0 118.0 118.0 118.0 118.0 118.0 118.0 118.0 -99999.0 -99999.0 -99999.0 -99999.0 -99999.0 -99999.0 -99999.0 -99999.0 -99999.0 159.0 159.0 159.0 159.0 159.0 159.0 -99999.0 -99999.0 -99999.0 -99999.0 -99999.0 -99999.0 -99999.0 -99999.0 159.0 132.0 132.0 132.0 132.0 132.0 132.0 132.0 138.0 138.0 138.0 138.0
-99999.0 -99999.0 -99999.0 -99999.0 -99999.0 -99999.0 -99999.0 -99999.0 150.0 150.0 -99999.0 -99999.0 -99999.0 -99999.0 -99999.0 -99999.0 -99999.0 -99999.0 -99999.0 -99999.0 -99999.0 -99999.0 -99999.0 -99999.0 -99999.0 -99999.0 111.0 111.0 111.0 111.0 118.0 118.0 118.0 118.0 118.0 118.0 118.0 -99999.0 -99999.0 -99999.0 -99999.0 -99999.0 -99999.0 -99999.0 -99999.0 -99999.0 159.0 159.0 159.0 159.0 159.0 159.0 -99999.0 -99999.0 -99999.0 -99999.0 -99999.0 -99999.0 -99999.0 -99999.0 132.0 132.0 132.0 132.0 132.0 132.0 132.0 132.0 138.0 138.0 138.0 138.0
-99999.0 -99999.0 -99999.0 -99999.0 -99999.0 -99999.0 -99999.0 150.0 150.0 150.0 111.0 111.0 111.0 -99999.0 -99999.0 -99999.0 -99999.0 -99999.0 -99999.0 -99999.0 112.0 112.0 -99999.0 -99999.0 -99999.0 -99999.0 111.0 111.0 111.0 111.0 147.0 147.0 147.0 147.0 147.0 119.0 119.0 -99999.0 -99999.0 -99999.0 -99999.0 -99999.0 -99999.0 -99999.0 -99999.0 -99999.0 159.0 159.0 159.0 -99999.0 -99999.0 -99999.0 -99999.0 -99999.0 -99999.0 -99999.0 159.0 159.0 159.0 -99999.0 132.0 132.0 132.0 132.0 132.0 132.0 132.0 132.0 138.0 138.0 138.0 138.0
-99999.0 -99999.0 -99999.0 -99999.0 -99999.0 -99999.0 -99999.0 150.0 150.0 150.0 111.0 111.0 111.0 -99999.0 -99999.0 -99999.0 -99999.0 -99999.0 -99999.0 -99999.0 112.0 112.0 -99999.0 -99999.0 -99999.0 -99999.0 111.0 111.0 111.0 111.0 160.0 147.0 147.0 147.0 147.0 147.0 161.0 119.0 -99999.0 -99999.0 -99999.0 -99999.0 -99999.0 -99999.0 -99999.0 -99999.0 159.0 159.0 159.0 159.0 -99999.0 -99999.0 -99999.0 -99999.0 -99999.0 -99999.0 -99999.0 159.0 159.0 159.0 159.0 132.0 132.0 132.0 132.0 132.0 132.0 132.0 138.0 138.0 138.0 138.0
-99999.0 -99999.0 -99999.0 -99999.0 -99999.0 -99999.0 -99999.0 150.0 150.0 111.0 111.0 111.0 111.0 -99999.0 -99999.0 -99999.0 -99999.0 -99999.0 -99999.0 112.0 111.0 111.0 112.0 112.0 111.0 111.0 111.0 111.0 111.0 160.0 160.0 160.0 147.0 147.0 147.0 147.0 161.0 161.0 -99999.0 -99999.0 -99999.0 -99999.0 -99999.0 -99999.0 -99999.0 -99999.0 159.0 159.0 -99999.0 -99999.0 -99999.0 -99999.0 -99999.0 -99999.0 -99999.0 -99999.0 -99999.0 -99999.0 159.0 159.0 159.0 159.0 132.0 -99999.0 -99999.0 132.0 132.0 132.0 138.0 138.0 118.0 118.0
150.0 150.0 150.0 150.0 150.0 -99999.0 -99999.0 150.0 111.0 111.0 111.0 111.0 111.0 111.0 111.0 111.0 -99999.0 111.0 111.0 112.0 112.0 111.0 111.0 112.0 111.0 111.0 111.0 111.0 160.0 160.0 160.0 160.0 160.0 160.0 147.0 147.0 160.0 160.0 -99999.0 -99999.0 -99999.0 -99999.0 -99999.0 160.0 159.0 159.0 159.0 159.0 159.0 159.0 159.0 -99999.0 -99999.0 -99999.0 -99999.0 -99999.0 159.0 -99999.0 159.0 159.0 159.0 -99999.0 -99999.0 -99999.0 -99999.0 -99999.0 132.0 132.0 118.0 118.0 118.0 118.0
150.0 150.0 150.0 150.0 150.0 150.0 150.0 111.0 111.0 111.0 111.0 111.0 111.0 111.0 111.0 111.0 111.0 111.0 111.0 111.0 112.0 111.0 111.0 111.0 111.0 111.0 111.0 111.0 160.0 160.0 160.0 160.0 160.0 160.0 160.0 160.0 160.0 160.0 160.0 -99999.0 -99999.0 -99999.0 -99999.0 159.5 159.5 159.0 159.0 159.0 159.0 159.0 159.0 159.0 -99999.0 -99999.0 -99999.0 -99999.0 159.0 159.0 159.0 159.0 159.0 -99999.0 -99999.0 -99999.0 -99999.0 -99999.0 -99999.0 -99999.0 -99999.0 -99999.0 118.0 -99999.0
-99999.0 150.0 150.0 150.0 150.0 150.0 150.0 111.0 111.0 111.0 111.0 111.0 111.0 111.0 111.0 111.0 111.0 111.0 111.0 111.0 111.0 111.0 111.0 111.0 111.0 111.0 111.0 160.0 160.0 160.0 160.0 160.0 160.0 160.0 160.0 160.0 160.0 160.0 160.0 160.0 160.0 160.0 160.0 159.5 159.5 159.5 159.0 159.0 159.0 159.0 159.0 159.0 159.0 159.0 159.0 159.0 159.0 159.0 159.0 159.0 159.0 -99999.0 -99999.0 -99999.0 -99999.0 -99999.0 -99999.0 -99999.0 -99999.0 118.0 118.0 -99999.0
150.0 150.0 150.0 150.0 150.0 150.0 150.0 111.0 111.0 111.0 111.0 111.0 111.0 111.0 111.0 111.0 111.0 111.0 111.0 111.0 111.0 111.0 111.0 111.0 111.0 111.0 111.0 160.0 160.0 160.0 160.0 160.0 160.0 160.0 160.0 160.0 160.0 160.0 160.0 160.0 160.0 160.0 159.5 159.5 159.5 159.5 159.5 159.0 159.0 159.0 159.0 159.0 159.0 159.0 159.0 159.0 159.0 159.0 159.0 159.0 159.0 159.0 159.0 102.0 -99999.0 -99999.0 -99999.0 -99999.0 120.0 120.0 118.0 118.0
150.0 150.0 150.0 150.0 150.0 150.0 150.0 111.0 111.0 111.0 111.0 111.0 111.0 111.0 111.0 111.0 111.0 111.0 111.0 111.0 111.0 111.0 111.0 111.0 111.0 -99999.0 111.0 160.0 160.0 160.0 160.0 160.0 160.0 160.0 160.0 160.0 160.0 160.0 160.0 160.0 160.0 160.0 -99999.0 -99999.0 -99999.0 -99999.0 160.0 160.0 159.0 159.0 -99999.0 159.0 159.0 159.0 159.0 159.0 159.0 -99999.0 159.0 159.0 159.0 159.0 159.0 102.0 102.0 120.0 120.0 120.0 120.0 120.0 120.0 118.0
150.0 150.0 150.0 150.0 -99999.0 -99999.0 -99999.0 111.0 -99999.0 -99999.0 111.0 111.0 111.0 111.0 111.0 111.0 111.0 111.0 111.0 111.0 173.0 173.0 173.0 111.0 111.0 111.0 -99999.0 160.0 160.0 160.0 160.0 160.0 160.0 160.0 160.0 160.0 160.0 160.0 160.0 160.0 160.0 160.0 160.0 160.0 160.0 -99999.0 -99999.0 -99999.0 -99999.0 -99999.0 159.0 159.0 159.0 -99999.0 -99999.0 -99999.0 -99999.0 -99999.0 -99999.0 -99999.0 159.0 159.0 102.0 102.0 102.0 102.0 120.0 120.0 120.0 120.0 120.0 120.0
150.0 150.0 150.0 123.0 123.0 123.0 123.0 119.0 119.0 119.0 -99999.0 122.0 122.0 122.0 122.0 122.0 174.0 -99999.0 -99999.0 -99999.0 173.0 173.0 173.0 173.0 173.0 173.0 173.0 161.0 161.0 161.0 161.0 161.0 161.0 160.0 160.0 160.0 160.0 160.0 160.0 160.0 160.0 160.0 160.0 160.0 160.0 -99999.0 -99999.0 -99999.0 -99999.0 -99999.0 -99999.0 -99999.0 -99999.0 -99999.0 -99999.0 -99999.0 -99999.0 -99999.0 -99999.0 -99999.0 159.0 159.0 102.0 102.0 102.0 102.0 102.0 120.0 120.0 120.0 120.0 120.0
150.0 150.0 150.0 123.0 123.0 123.0 123.0 119.0 119.0 119.0 119.0 123.0 122.0 122.0 122.0 122.0 174.0 174.0 174.0 174.0 173.0 173.0 173.0 173.0 173.0 -99999.0 -99999.0 161.0 161.0 161.0 161.0 161.0 161.0 161.0 -99999.0 -99999.0 -99999.0 -99999.0 -99999.0 -99999.0 -99999.0 -99999.0 160.0 160.0 160.0 -99999.0 -99999.0 -99999.0 -99999.0 -99999.0 -99999.0 -99999.0 -99999.0 -99999.0 -99999.0 -99999.0 -99999.0 -99999.0 -99999.0 -99999.0 159.0 159.0 102.0 102.0 102.0 102.0 102.0 102.0 120.0 120.0 -99999.0 -99999.0
150.0 150.0 150.0 121.0 123.0 123.0 123.0 119.0 119.0 119.0 123.0 123.0 122.0 122.0 122.0 122.0 174.0 174.0 174.0 174.0 173.0 173.0 173.0 173.0 173.0 173.0 173.0 161.0 161.0 161.0 161.0 161.0 -99999.0 -99999.0 -99999.0 -99999.0 -99999.0 -99999.0 -99999.0 -99999.0 -99999.0 -99999.0 160.0 160.0 160.0 -99999.0 -99999.0 -99999.0 -99999.0 -99999.0 -99999.0 -99999.0 -99999.0 -99999.0 -99999.0 -99999.0 -99999.0 -99999.0 -99999.0 -99999.0 159.0 102.0 102.0 102.0 102.0 102.0 102.0 102.0 102.0 120.0 -99999.0 -99999.0
121.0 121.0 121.0 121.0 121.0 121.0 123.0 123.0 123.0 123.0 123.0 123.0 123.0 122.0 122.0 122.0 122.0 174.0 174.0 174.0 173.0 173.0 173.0 173.0 173.0 173.0 173.0 161.0 161.0 161.0 161.0 161.0 -99999.0 -99999.0 -99999.0 -99999.0 -99999.0 -99999.0 -99999.0 -99999.0 -99999.0 -99999.0 -99999.0 -99999.0 -99999.0 -99999.0 -99999.0 -99999.0 -99999.0 -99999.0 -99999.0 -99999.0 -99999.0 -99999.0 -99999.0 -99999.0 -99999.0 -99999.0 -99999.0 -99999.0 -99999.0 102.0 102.0 102.0 102.0 102.0 102.0 102.0 102.0 -99999.0 120.0 205.0
121.0 121.0 121.0 121.0 121.0 121.0 123.0 123.0 121.0 121.0 123.0 123.0 122.0 122.0 122.0 122.0 122.0 175.0 175.0 175.0 175.0 173.0 173.0 173.0 173.0 173.0 173.0 161.0 161.0 161.0 161.0 161.0 161.0 -99999.0 -99999.0 -99999.0 -99999.0 -99999.0 -99999.0 -99999.0 -99999.0 -99999.0 -99999.0 -99999.0 -99999.0 -99999.0 -99999.0 -99999.0 -99999.0 -99999.0 -99999.0 -99999.0 -99999.0 -99999.0 -99999.0 -99999.0 -99999.0 -99999.0 -99999.0 -99999.0 -99999.0 -99999.0 -99999.0 -99999.0 -99999.0 -99999.0 -99999.0 -99999.0 -99999.0 102.0 102.0 177.3
121.0 121.0 121.0 121.0 121.0 121.7 121.0 121.0 121.0 121.8 121.8 122.0 122.0 122.0 122.0 122.0 175.0 175.0 -99999.0 -99999.0 -99999.0 175.0 173.0 173.0 173.0 173.0 -99999.0 161.0 161.0 161.0 161.0 161.0 -99999.0 -99999.0 -99999.0 -99999.0 -99999.0 -99999.0 -99999.0 -99999.0 -99999.0 -99999.0 -99999.0 -99999.0 -99999.0 -99999.0 -99999.0 -99999.0 -99999.0 -99999.0 -99999.0 -99999.0 -99999.0 -99999.0 -99999.0 -99999.0 -99999.0 -99999.0 -99999.0 -99999.0 -99999.0 -99999.0 -99999.0 -99999.0 -99999.0 -99999.0 -99999.0 -99999.0 -99999.0 102.0 118.0 118.0
121.0 121.0 121.0 121.0 121.7 121.7 121.7 121.0 121.0 121.8 121.8 -99999.0 122.0 122.0 122.0 122.0 175.0 175.0 175.0 175.0 175.0 -99999.0 175.0 173.0 173.0 173.0 -99999.0 161.0 -99999.0 -99999.0 -99999.0 -99999.0 -99999.0 -99999.0 -99999.0 -99999.0 -99999.0 -99999.0 -99999.0 -99999.0 -99999.0 -99999.0 121.0 121.0 -99999.0 -99999.0 -99999.0 -99999.0 -99999.0 -99999.0 -99999.0 -99999.0 -99999.0 -99999.0 125.0 125.0 -99999.0 -99999.0 -99999.0 -99999.0 -99999.0 -99999.0 -99999.0 102.0 102.0 102.0 102.0 102.0 102.0 118.0 118.0 118.0
121.0 121.0 121.0 121.0 121.0 121.0 121.0 121.0 121.0 121.0 121.0 -99999.0 -99999.0 -99999.0 -99999.0 -99999.0 -99999.0 175.0 175.0 175.0 175.0 175.0 175.0 175.0 125.0 125.0 125.0 125.0 -99999.0 125.0 -99999.0 -99999.0 -99999.0 -99999.0 -99999.0 -99999.0 -99999.0 -99999.0 -99999.0 -99999.0 -99999.0 -99999.0 121.0 121.0 -99999.0 -99999.0 -99999.0 -99999.0 -99999.0 -99999.0 -99999.0 -99999.0 111.0 125.0 125.0 125.0 -99999.0 -99999.0 -99999.0 -99999.0 -99999.0 -99999.0 125.0 125.0 102.0 102.0 102.0 102.0 102.0 118.0 118.0 118.0
121.0 121.0 121.0 121.0 121.0 121.0 121.0 121.0 121.0 121.0 121.0 -99999.0 -99999.0 -99999.0 -99999.0 -99999.0 -99999.0 175.0 175.0 175.0 175.0 175.0 175.0 125.0 125.0 125.0 125.0 125.0 125.0 125.0 125.0 278.0 278.0 -99999.0 -99999.0 278.0 -99999.0 125.0 121.0 -99999.0 121.0 -99999.0 121.0 121.0 121.0 -99999.0 -99999.0 111.0 111.0 111.0 111.0 111.0 111.0 125.0 125.0 125.0 125.0 125.0 -99999.0 -99999.0 -99999.0 -99999.0 125.0 125.0 125.0 125.0 125.0 102.0 -99999.0 -99999.0 118.0 118.0
