ASCII/Jawoyn_Burnt2018_DOY.asc
NCOLS 330
NROWS 221
XLLCORNER 13445.0000000000
YLLCORNER -1537245.0000000000
CELLSIZE 250.000000
NODATA_VALUE -99999.0
[rows 128 to 159 of 221, columns 216 to 287 of 330]
-99999.0 -99999.0 -99999.0 -99999.0 -99999.0 116.0 116.0 116.0 116.0 116.0 116.0 116.0 -99999.0 116.0 116.0 116.0 116.0 116.0 116.0 116.0 116.0 116.0 116.0 116.0 -99999.0 -99999.0 -99999.0 -99999.0 -99999.0 -99999.0 -99999.0 -99999.0 -99999.0 -99999.0 176.0 176.0 176.0 176.0 180.0 180.0 -99999.0 -99999.0 180.0 -99999.0 -99999.0 -99999.0 -99999.0 -99999.0 -99999.0 -99999.0 -99999.0 -99999.0 -99999.0 -99999.0 111.0 111.0 111.0 111.0 111.0 111.0 249.0 249.0 249.0 249.0 249.0 112.0 112.0 112.0 112.0 112.0 112.0 247.0
-99999.0 -99999.0 -99999.0 -99999.0 -99999.0 116.0 116.0 116.0 116.0 116.0 116.0 116.0 -99999.0 116.0 116.0 116.0 116.0 116.0 116.0 116.0 116.0 116.0 -99999.0 -99999.0 -99999.0 -99999.0 -99999.0 -99999.0 -99999.0 -99999.0 -99999.0 -99999.0 -99999.0 176.0 176.0 176.0 176.0 176.0 180.0 180.0 180.0 180.0 180.0 180.0 -99999.0 -99999.0 -99999.0 -99999.0 -99999.0 -99999.0 -99999.0 -99999.0 -99999.0 -99999.0 112.0 111.0 111.0 111.0 111.0 112.0 249.0 249.0 249.0 249.0 249.0 112.0 112.0 112.0 112.0 112.0 247.0 112.0
-99999.0 116.0 116.0 116.0 116.0 116.0 116.0 116.0 116.0 116.0 116.0 116.0 116.0 116.0 116.0 116.0 116.0 116.0 116.0 116.0 116.0 116.0 116.0 -99999.0 -99999.0 -99999.0 -99999.0 -99999.0 -99999.0 -99999.0 -99999.0 -99999.0 -99999.0 176.0 176.0 176.0 176.0 176.0 180.0 180.0 -99999.0 -99999.0 -99999.0 -99999.0 -99999.0 -99999.0 -99999.0 -99999.0 -99999.0 -99999.0 -99999.0 -99999.0 -99999.0 -99999.0 112.0 112.0 112.0 112.0 112.0 112.0 -99999.0 -99999.0 -99999.0 -99999.0 -99999.0 -99999.0 112.0 112.0 112.0 112.0 112.0 112.0
116.0 116.0 116.0 116.0 116.0 116.0 116.0 116.0 116.0 116.0 116.0 116.0 116.0 116.0 116.0 116.0 116.0 116.0 116.0 116.0 -99999.0 -99999.0 -99999.0 -99999.0 -99999.0 -99999.0 -99999.0 -99999.0 -99999.0 -99999.0 -99999.0 -99999.0 -99999.0 -99999.0 176.0 176.0 176.0 176.0 180.0 180.0 -99999.0 -99999.0 180.0 -99999.0 -99999.0 -99999.0 -99999.0 -99999.0 -99999.0 -99999.0 -99999.0 -99999.0 -99999.0 -99999.0 -99999.0 112.0 112.0 112.0 112.0 112.0 -99999.0 -99999.0 -99999.0 -99999.0 -99999.0 -99999.0 112.0 112.0 112.0 180.5 180.5 180.5
116.0 116.0 116.0 116.0 116.0 116.0 116.0 116.0 116.0 116.0 116.0 116.0 116.0 116.0 116.0 116.0 116.0 116.0 116.0 116.0 116.0 -99999.0 -99999.0 -99999.0 -99999.0 -99999.0 -99999.0 -99999.0 -99999.0 -99999.0 -99999.0 -99999.0 -99999.0 176.0 -99999.0 176.0 176.0 176.0 180.0 -99999.0 -99999.0 -99999.0 180.0 180.0 180.0 121.0 121.0 -99999.0 -99999.0 -99999.0 112.0 -99999.0 -99999.0 -99999.0 -99999.0 -99999.0 -99999.0 -99999.0 112.0 -99999.0 -99999.0 -99999.0 -99999.0 -99999.0 -99999.0 -99999.0 -99999.0 112.0 112.0 180.5 180.5 180.5
116.0 116.0 116.0 116.0 116.0 116.0 116.0 116.0 116.0 116.0 116.0 116.0 116.0 116.0 116.0 116.0 116.0 116.0 116.0 116.0 116.0 120.0 -99999.0 -99999.0 -99999.0 -99999.0 -99999.0 -99999.0 -99999.0 120.0 176.0 176.0 176.0 176.0 -99999.0 -99999.0 -99999.0 176.0 180.0 -99999.0 -99999.0 -99999.0 -99999.0 -99999.0 180.0 121.0 121.0 -99999.0 -99999.0 -99999.0 112.0 -99999.0 -99999.0 -99999.0 -99999.0 -99999.0 -99999.0 -99999.0 -99999.0 -99999.0 -99999.0 -99999.0 -99999.0 112.0 112.0 -99999.0 112.0 112.0 112.0 180.5 180.5 112.0
119.0 116.0 116.0 116.0 116.0 116.0 116.0 116.0 116.0 116.0 116.0 116.0 116.0 116.0 116.0 116.0 116.0 116.0 116.0 116.0 120.0 120.0 120.0 120.0 120.0 120.0 120.0 120.0 120.0 120.0 120.0 176.0 176.0 176.0 176.0 176.0 176.0 176.0 180.0 -99999.0 -99999.0 -99999.0 -99999.0 -99999.0 121.0 121.0 121.0 121.0 121.0 121.0 -99999.0 -99999.0 -99999.0 -99999.0 -99999.0 -99999.0 -99999.0 -99999.0 -99999.0 -99999.0 -99999.0 -99999.0 112.0 112.0 112.0 112.0 112.0 112.0 112.0 112.0 112.0 112.0
116.0 116.0 116.0 116.0 116.0 116.0 116.0 116.0 116.0 116.0 116.0 116.0 116.0 116.0 116.0 116.0 116.0 116.0 116.0 120.0 120.0 120.0 120.0 120.0 120.0 120.0 120.0 120.0 120.0 120.0 120.0 176.0 176.0 176.0 176.0 176.0 176.0 177.0 177.0 177.0 177.0 177.0 177.0 177.0 121.0 -99999.0 121.0 121.0 121.0 121.0 121.0 121.0 121.0 121.0 -99999.0 -99999.0 -99999.0 -99999.0 -99999.0 -99999.0 -99999.0 -99999.0 -99999.0 -99999.0 -99999.0 249.0 113.0 113.0 112.0 249.0 249.0 249.0
-99999.0 116.0 116.0 116.0 116.0 116.0 116.0 116.0 116.0 116.0 116.0 116.0 116.0 116.0 116.0 116.0 116.0 116.0 120.0 120.0 120.0 -99999.0 120.0 120.0 120.0 120.0 120.0 120.0 120.0 120.0 120.0 120.0 176.0 119.0 119.0 119.0 -99999.0 177.0 177.0 177.0 177.0 177.0 177.0 177.0 121.0 -99999.0 -99999.0 -99999.0 121.0 121.0 121.0 121.0 121.0 121.0 -99999.0 -99999.0 -99999.0 -99999.0 -99999.0 -99999.0 -99999.0 -99999.0 -99999.0 -99999.0 -99999.0 -99999.0 249.0 113.0 113.0 249.0 -99999.0 249.0
-99999.0 -99999.0 116.0 116.0 116.0 116.0 116.0 116.0 116.0 116.0 116.0 116.0 116.0 116.0 116.0 116.0 116.0 120.0 120.0 120.0 120.0 -99999.0 -99999.0 120.0 120.0 120.0 120.0 120.0 120.0 120.0 120.0 119.0 119.0 119.0 119.0 119.0 119.0 -99999.0 177.0 177.0 177.0 177.0 177.0 177.0 122.0 -99999.0 -99999.0 -99999.0 121.0 121.0 121.0 121.0 121.0 121.0 121.0 121.0 121.0 -99999.0 -99999.0 -99999.0 -99999.0 -99999.0 249.0 249.0 -99999.0 -99999.0 249.0 113.0 113.0 249.0 -99999.0 249.0
-99999.0 116.0 116.0 116.0 116.0 116.0 116.0 116.0 116.0 116.0 116.0 116.0 116.0 116.0 116.0 116.0 120.0 120.0 120.0 120.0 -99999.0 -99999.0 -99999.0 120.0 120.0 120.0 120.0 120.0 120.0 120.0 120.0 119.0 119.0 119.0 119.0 119.0 119.0 -99999.0 177.0 177.0 177.0 177.0 177.0 122.0 122.0 -99999.0 -99999.0 -99999.0 121.0 121.0 121.0 121.0 121.0 121.0 121.0 121.0 124.0 -99999.0 -99999.0 -99999.0 -99999.0 -99999.0 249.0 249.0 249.0 249.0 249.0 249.0 249.0 249.0 -99999.0 249.0
116.0 116.0 116.0 116.0 116.0 116.0 116.0 116.0 116.0 116.0 116.0 116.0 116.0 116.0 116.0 120.0 120.0 120.0 120.0 120.0 -99999.0 -99999.0 -99999.0 120.0 120.0 120.0 120.0 120.0 120.0 120.0 120.0 119.0 119.0 119.0 119.0 119.0 119.0 -99999.0 119.0 177.0 177.0 119.0 122.0 122.0 122.0 -99999.0 -99999.0 -99999.0 -99999.0 115.4 115.4 122.5 122.5 122.5 122.5 124.0 124.0 124.0 124.0 -99999.0 -99999.0 -99999.0 121.0 249.0 249.0 249.0 249.0 249.0 249.0 249.0 249.0 249.0
116.0 116.0 116.0 116.0 116.0 116.0 116.0 116.0 116.0 116.0 116.0 116.0 116.0 116.0 116.0 120.0 120.0 120.0 120.0 120.0 -99999.0 -99999.0 -99999.0 120.0 120.0 120.0 120.0 120.0 120.0 120.0 119.0 119.0 119.0 119.0 119.0 119.0 119.0 -99999.0 119.0 -99999.0 -99999.0 119.0 -99999.0 -99999.0 -99999.0 -99999.0 -99999.0 -99999.0 115.4 115.4 115.4 122.5 122.5 122.5 122.5 124.0 124.0 124.0 124.0 124.0 -99999.0 121.0 121.0 121.0 249.0 163.7 163.7 163.7 249.0 249.0 249.0 249.0
116.0 116.0 116.0 116.0 116.0 116.0 116.0 116.0 116.0 116.0 116.0 116.0 116.0 116.0 120.0 120.0 120.0 120.0 120.0 120.0 -99999.0 120.0 -99999.0 120.0 120.0 120.0 120.0 120.0 120.0 120.0 119.0 -99999.0 119.0 119.0 119.0 119.0 119.0 119.0 119.0 119.0 119.0 -99999.0 -99999.0 -99999.0 -99999.0 -99999.0 122.0 115.4 115.4 115.4 115.4 122.5 122.5 122.5 122.5 124.0 124.0 124.0 124.0 121.0 121.0 121.0 121.0 121.0 163.7 163.7 163.7 163.7 249.0 249.0 249.0 249.0
116.0 116.0 116.0 116.0 116.0 116.0 116.0 116.0 116.0 116.0 116.0 116.0 -99999.0 -99999.0 120.0 120.0 120.0 120.0 120.0 120.0 120.0 120.0 120.0 120.0 120.0 120.0 120.0 120.0 120.0 119.0 119.0 119.0 -99999.0 119.0 119.0 119.0 119.0 119.0 119.0 119.0 119.0 -99999.0 -99999.0 -99999.0 -99999.0 -99999.0 122.0 122.0 115.4 122.0 122.0 122.5 122.5 122.5 122.5 125.0 124.0 124.0 121.0 121.0 121.0 121.0 121.0 121.0 163.7 163.7 163.7 163.7 249.0 249.0 249.0 249.0
116.0 116.0 116.0 116.0 116.0 116.0 116.0 116.0 116.0 116.0 116.0 116.0 -99999.0 -99999.0 -99999.0 -99999.0 -99999.0 -99999.0 -99999.0 120.0 120.0 120.0 120.0 120.0 120.0 114.0 114.0 114.0 114.0 119.0 -99999.0 -99999.0 119.0 119.0 119.0 119.0 119.0 119.0 119.0 119.0 119.0 119.0 -99999.0 122.0 122.0 122.0 122.0 122.0 122.0 122.0 122.0 122.0 125.0 125.0 125.0 125.0 121.0 121.0 121.0 121.0 121.0 121.0 121.0 121.0 121.0 121.0 121.0 121.0 121.0 249.0 249.0 138.0
116.0 116.0 116.0 116.0 116.0 116.0 116.0 116.0 116.0 116.0 116.0 116.0 -99999.0 -99999.0 -99999.0 -99999.0 -99999.0 -99999.0 -99999.0 114.0 114.0 -99999.0 114.0 114.0 -99999.0 -99999.0 -99999.0 -99999.0 -99999.0 -99999.0 -99999.0 -99999.0 119.0 119.0 119.0 119.0 119.0 119.0 119.0 119.0 119.0 119.0 122.0 122.0 122.0 122.0 122.0 122.0 122.7 122.0 122.0 122.0 125.0 125.0 125.0 125.0 121.0 121.0 121.0 121.0 121.0 121.0 121.0 121.0 125.0 121.0 121.0 121.0 -99999.0 -99999.0 131.2 138.0
116.0 116.0 116.0 116.0 116.0 116.0 116.0 116.0 116.0 -99999.0 -99999.0 -99999.0 -99999.0 -99999.0 -99999.0 114.0 114.0 114.0 -99999.0 -99999.0 -99999.0 -99999.0 -99999.0 -99999.0 -99999.0 -99999.0 -99999.0 -99999.0 -99999.0 114.0 -99999.0 -99999.0 114.0 119.0 119.0 119.0 119.0 119.0 119.0 119.0 119.0 122.0 122.0 122.0 122.0 122.0 122.0 122.7 122.7 125.0 125.0 125.0 125.0 125.0 125.0 125.0 121.0 121.0 121.0 121.0 128.3 128.3 128.3 125.0 125.0 129.5 129.5 129.5 -99999.0 -99999.0 131.2 131.2
116.0 116.0 116.0 116.0 116.0 116.0 116.0 -99999.0 -99999.0 -99999.0 -99999.0 -99999.0 -99999.0 -99999.0 -99999.0 114.0 114.0 114.0 -99999.0 -99999.0 -99999.0 -99999.0 -99999.0 -99999.0 114.0 114.0 114.0 114.0 114.0 -99999.0 -99999.0 -99999.0 -99999.0 114.0 114.0 119.0 119.0 119.0 116.0 116.0 116.0 122.0 122.0 122.0 122.0 122.0 122.0 122.7 125.0 125.0 125.0 125.0 125.0 125.0 125.0 121.0 121.0 121.0 121.0 121.0 128.3 128.3 128.3 125.0 125.0 125.0 129.5 138.0 -99999.0 -99999.0 -99999.0 -99999.0
116.0 116.0 116.0 116.0 116.0 116.0 116.0 -99999.0 -99999.0 -99999.0 -99999.0 -99999.0 -99999.0 -99999.0 -99999.0 -99999.0 -99999.0 -99999.0 -99999.0 -99999.0 -99999.0 -99999.0 -99999.0 -99999.0 114.0 114.0 114.0 114.0 114.0 114.0 114.0 -99999.0 -99999.0 -99999.0 114.0 114.0 116.0 116.0 116.0 116.0 116.0 116.0 122.0 122.0 122.0 122.0 122.0 125.0 125.0 125.0 125.0 125.0 125.0 125.0 125.0 121.0 121.0 121.0 121.0 121.0 128.3 124.0 124.0 124.0 125.0 138.0 138.0 138.0 -99999.0 -99999.0 -99999.0 -99999.0
116.0 116.0 116.0 116.0 116.0 116.0 116.0 -99999.0 -99999.0 -99999.0 -99999.0 -99999.0 -99999.0 -99999.0 -99999.0 -99999.0 -99999.0 -99999.0 -99999.0 -99999.0 -99999.0 -99999.0 114.0 114.0 114.0 114.0 114.0 114.0 114.0 114.0 114.0 114.0 114.0 114.0 114.0 114.0 116.0 116.0 116.0 116.0 116.0 116.0 119.0 119.0 119.0 119.0 119.0 125.0 125.0 125.0 126.0 126.0 126.0 126.0 126.0 126.0 121.0 121.0 121.0 138.0 138.0 124.0 124.0 124.0 124.0 138.0 138.0 138.0 138.0 137.8 137.8 137.8
116.0 116.0 116.0 116.0 116.0 160.0 160.0 -99999.0 -99999.0 -99999.0 -99999.0 -99999.0 -99999.0 -99999.0 -99999.0 -99999.0 -99999.0 -99999.0 -99999.0 -99999.0 114.0 114.0 114.0 114.0 114.0 114.0 114.0 114.0 114.0 114.0 114.0 114.0 114.0 114.0 114.0 114.0 116.0 116.0 116.0 116.0 116.0 116.0 119.0 119.0 119.0 119.0 119.0 119.0 126.0 126.0 126.0 126.0 126.0 126.0 126.0 126.0 126.0 121.0 138.0 138.0 138.0 138.0 124.0 124.0 138.0 138.0 138.0 138.0 137.8 137.8 137.8 137.8
160.0 160.0 160.0 160.0 -99999.0 -99999.0 -99999.0 -99999.0 -99999.0 -99999.0 -99999.0 -99999.0 -99999.0 -99999.0 -99999.0 -99999.0 -99999.0 -99999.0 -99999.0 -99999.0 -99999.0 114.0 114.0 114.0 114.0 114.0 114.0 114.0 114.0 114.0 114.0 114.0 114.0 114.0 114.0 114.0 116.0 116.0 116.0 116.0 116.0 116.0 119.0 119.0 119.0 119.0 119.0 119.0 126.0 126.0 126.0 126.0 126.0 126.0 126.0 126.0 126.0 138.0 138.0 138.0 138.0 138.0 138.0 138.0 138.0 138.0 138.0 138.0 137.8 137.8 137.8 -99999.0
160.0 160.0 160.0 -99999.0 -99999.0 -99999.0 -99999.0 -99999.0 -99999.0 -99999.0 -99999.0 -99999.0 -99999.0 -99999.0 -99999.0 -99999.0 -99999.0 -99999.0 -99999.0 -99999.0 -99999.0 -99999.0 114.0 114.0 114.0 114.0 114.0 114.0 114.0 114.0 114.0 114.0 114.0 114.0 114.0 114.0 114.0 116.0 116.0 116.0 116.0 116.0 119.0 119.0 119.0 119.0 119.0 119.0 126.0 126.0 126.0 126.0 126.0 126.0 -99999.0 126.0 126.0 138.0 138.0 138.0 138.0 138.0 138.0 138.0 138.0 138.0 138.0 137.0 137.0 138.0 138.0 138.0
160.0 160.0 160.0 -99999.0 -99999.0 -99999.0 -99999.0 -99999.0 -99999.0 -99999.0 -99999.0 -99999.0 -99999.0 -99999.0 -99999.0 -99999.0 -99999.0 -99999.0 -99999.0 -99999.0 -99999.0 -99999.0 114.0 114.0 114.0 114.0 114.0 114.0 114.0 114.0 114.0 114.0 114.0 114.0 114.0 114.0 114.0 114.0 116.0 116.0 116.0 116.0 119.0 119.0 119.0 119.0 119.0 119.0 126.0 126.0 126.0 126.0 -99999.0 -99999.0 -99999.0 -99999.0 126.0 138.0 138.0 138.0 138.0 138.0 138.0 138.0 138.0 138.0 137.0 137.0 137.0 137.0 138.0 137.0
160.0 160.0 160.0 -99999.0 -99999.0 -99999.0 -99999.0 -99999.0 -99999.0 -99999.0 -99999.0 -99999.0 -99999.0 -99999.0 -99999.0 114.0 114.0 114.0 114.0 114.0 114.0 114.0 114.0 114.0 114.0 114.0 114.0 114.0 114.0 114.0 114.0 114.0 114.0 114.0 114.0 114.0 114.0 114.0 116.0 116.0 116.0 116.0 119.0 119.0 119.0 119.0 119.0 119.0 126.0 126.0 126.0 126.0 -99999.0 -99999.0 -99999.0 -99999.0 -99999.0 138.0 138.0 138.0 138.0 138.0 138.0 138.0 138.0 137.0 137.0 137.0 137.0 137.0 137.0 137.0
160.0 160.0 160.0 -99999.0 -99999.0 -99999.0 -99999.0 -99999.0 -99999.0 -99999.0 -99999.0 -99999.0 -99999.0 -99999.0 112.0 112.0 114.0 114.0 114.0 114.0 114.0 114.0 114.0 114.0 114.0 114.0 114.0 114.0 114.0 114.0 114.0 114.0 114.0 114.0 114.0 114.0 114.0 114.0 116.0 116.0 116.0 116.0 119.0 119.0 119.0 119.0 119.0 119.0 119.0 126.0 126.0 -99999.0 -99999.0 -99999.0 -99999.0 -99999.0 126.0 138.0 138.0 138.0 138.0 138.0 138.0 138.0 137.0 137.0 137.0 137.0 137.0 137.0 137.0 137.0
160.0 160.0 160.0 -99999.0 -99999.0 -99999.0 -99999.0 -99999.0 -99999.0 -99999.0 -99999.0 -99999.0 -99999.0 -99999.0 -99999.0 -99999.0 112.0 112.0 114.0 114.0 114.0 114.0 114.0 114.0 114.0 114.0 114.0 114.0 114.0 114.0 114.0 114.0 114.0 115.0 114.0 114.0 114.0 114.0 116.0 116.0 116.0 116.0 119.0 119.0 119.0 119.0 119.0 119.0 119.0 119.0 -99999.0 -99999.0 -99999.0 -99999.0 -99999.0 -99999.0 126.0 138.0 138.0 138.0 138.0 -99999.0 138.0 137.0 137.0 137.0 137.0 137.0 137.0 137.0 137.0 137.0
160.0 -99999.0 -99999.0 -99999.0 -99999.0 -99999.0 -99999.0 -99999.0 -99999.0 -99999.0 -99999.0 -99999.0 -99999.0 -99999.0 -99999.0 -99999.0 -99999.0 -99999.0 112.0 112.0 114.0 114.0 114.0 114.0 114.0 114.0 114.0 114.0 114.0 115.0 115.0 115.0 115.0 115.0 115.0 115.0 115.0 115.0 116.0 116.0 116.0 116.0 119.0 119.0 119.0 119.0 119.0 119.0 119.0 -99999.0 -99999.0 -99999.0 -99999.0 -99999.0 -99999.0 -99999.0 -99999.0 138.0 -99999.0 -99999.0 -99999.0 138.0 138.0 137.0 137.0 137.0 137.0 137.0 137.0 137.0 137.0 137.0
-99999.0 -99999.0 -99999.0 -99999.0 -99999.0 -99999.0 -99999.0 -99999.0 -99999.0 -99999.0 -99999.0 -99999.0 -99999.0 -99999.0 -99999.0 -99999.0 -99999.0 -99999.0 -99999.0 -99999.0 112.0 112.0 114.0 114.0 114.0 114.0 114.0 114.0 115.0 115.0 115.0 115.0 115.0 115.0 115.0 115.0 115.0 115.0 115.3 115.3 115.3 115.3 119.0 119.0 119.0 119.0 119.0 119.0 119.0 119.0 -99999.0 -99999.0 -99999.0 -99999.0 -99999.0 -99999.0 -99999.0 -99999.0 -99999.0 -99999.0 -99999.0 -99999.0 137.0 137.0 137.0 137.0 137.0 -99999.0 -99999.0 137.0 137.0 137.0
-99999.0 -99999.0 -99999.0 -99999.0 -99999.0 -99999.0 -99999.0 -99999.0 -99999.0 -99999.0 -99999.0 -99999.0 -99999.0 -99999.0 -99999.0 -99999.0 -99999.0 -99999.0 -99999.0 112.0 112.0 112.0 112.0 112.0 114.0 114.0 114.0 115.0 115.0 115.0 115.0 115.0 115.0 115.0 115.0 115.0 115.0 115.0 115.3 115.3 115.3 115.3 119.0 119.0 119.0 119.0 119.0 119.0 -99999.0 -99999.0 -99999.0 -99999.0 -99999.0 -99999.0 -99999.0 -99999.0 -99999.0 -99999.0 -99999.0 -99999.0 -99999.0 -99999.0 -99999.0 137.0 137.0 137.0 137.0 -99999.0 -99999.0 137.0 137.0 137.0
160.0 -99999.0 -99999.0 -99999.0 -99999.0 -99999.0 -99999.0 -99999.0 -99999.0 -99999.0 -99999.0 -99999.0 -99999.0 -99999.0 -99999.0 -99999.0 -99999.0 -99999.0 -99999.0 112.0 112.0 112.0 112.0 112.0 112.0 113.0 113.0 113.0 115.0 115.0 115.0 115.0 115.0 115.0 115.0 115.0 115.0 115.0 115.3 115.3 115.3 115.3 119.0 119.0 119.0 119.0 119.0 119.0 -99999.0 -99999.0 -99999.0 -99999.0 -99999.0 -99999.0 -99999.0 -99999.0 -99999.0 -99999.0 -99999.0 -99999.0 -99999.0 -99999.0 -99999.0 -99999.0 -99999.0 -99999.0 -99999.0 -99999.0 -99999.0 -99999.0 -99999.0 137.0
