ASCII/Jawoyn_WET-80.asc
NCOLS 1028
NROWS 689
XLLCORNER 13600.0000000000
YLLCORNER -1537237.0000000000
CELLSIZE 80.000000
NODATA_VALUE -99999.00
[rows 380 to 417 of 689, columns 420 to 503 of 1028]
1.13 1.13 1.17 1.16 1.11 1.06 1.08 1.10 1.15 1.16 1.17 1.15 1.10 1.03 1.10 1.16 1.10 1.06 1.14 1.15 1.18 1.14 1.14 1.10 1.07 1.09 1.09 1.05 1.10 1.07 0.98 0.95 0.94 0.90 0.87 1.07 1.10 1.11 1.11 1.07 1.01 1.07 1.08 1.09 1.12 1.05 1.10 1.16 1.14 1.14 1.11 1.08 1.01 0.99 1.05 1.12 1.15 1.12 1.11 1.14 1.15 1.11 1.15 1.13 1.11 1.14 1.11 1.08 1.09 1.08 1.13 1.11 1.06 1.07 1.08 1.07 1.05 1.11 1.07 1.08 1.04 1.07 1.07 1.10
1.07 1.18 1.19 1.16 1.13 1.09 1.03 1.14 1.16 1.14 1.14 1.15 1.15 1.07 1.03 1.11 1.09 1.03 1.11 1.12 1.14 1.17 1.11 1.10 1.09 1.07 1.08 1.01 0.96 0.96 0.84 0.86 0.89 0.96 0.99 1.12 1.15 1.12 1.14 1.13 1.07 1.05 1.14 1.15 1.14 1.07 1.06 1.10 1.11 1.15 1.13 1.15 1.13 1.01 1.01 1.12 1.14 1.14 1.14 1.16 1.14 1.09 1.09 1.06 1.11 1.12 1.13 1.10 1.07 1.07 1.10 1.06 1.10 1.11 1.09 1.09 1.08 1.11 1.09 1.11 1.11 1.11 1.10 1.12
1.04 1.16 1.17 1.14 1.14 1.14 1.06 1.10 1.15 1.12 1.12 1.15 1.17 1.17 1.05 1.01 1.01 1.02 1.04 1.08 1.09 1.15 1.10 1.00 0.94 0.96 1.01 0.92 0.82 0.89 1.02 1.01 1.07 1.17 1.13 1.09 1.15 1.13 1.14 1.14 1.08 0.97 1.14 1.17 1.12 1.10 1.08 1.13 1.16 1.16 1.13 1.14 1.16 1.06 1.00 1.06 1.07 1.12 1.14 1.13 1.09 1.07 1.02 1.05 1.12 1.11 1.12 1.09 1.06 1.06 1.02 1.08 1.15 1.13 1.10 1.09 1.14 1.12 1.07 1.09 1.10 1.10 1.10 1.11
1.06 1.11 1.12 1.12 1.15 1.16 1.06 1.10 1.13 1.10 1.10 1.16 1.18 1.14 1.10 1.07 0.95 1.00 1.01 1.03 0.97 0.96 0.97 0.78 0.74 0.90 1.00 1.04 0.99 1.05 1.12 1.05 1.08 1.16 1.17 1.04 1.13 1.16 1.15 1.12 1.09 0.98 1.11 1.13 1.09 1.11 1.08 1.12 1.13 1.13 1.11 1.11 1.14 1.06 1.07 1.08 1.01 1.05 1.07 1.06 1.07 1.08 1.08 1.13 1.12 1.10 1.10 1.09 1.12 1.11 1.00 1.12 1.14 1.13 1.07 1.10 1.14 1.12 1.06 1.04 1.08 1.11 1.14 1.13
1.12 1.06 1.07 1.13 1.16 1.13 1.04 1.12 1.12 1.07 1.06 1.14 1.15 1.09 1.11 1.09 0.97 0.96 0.93 0.85 0.82 0.95 1.02 0.95 0.97 1.08 1.12 1.07 1.01 1.09 1.09 1.08 1.10 1.12 1.16 1.06 1.10 1.13 1.14 1.14 1.14 1.08 1.03 1.07 1.07 1.10 1.07 1.09 1.12 1.12 1.13 1.12 1.10 1.06 1.09 1.16 1.10 1.04 1.07 1.06 1.11 1.13 1.12 1.14 1.13 1.09 1.09 1.12 1.13 1.11 1.01 1.10 1.12 1.11 1.06 1.11 1.13 1.11 1.09 1.03 1.11 1.13 1.11 1.09
1.14 1.06 1.03 1.11 1.14 1.12 1.03 1.10 1.13 1.06 1.02 1.04 1.06 1.07 1.13 1.10 0.98 0.91 0.98 0.92 0.88 1.09 1.17 1.15 1.10 1.12 1.14 1.06 1.02 1.05 1.05 1.08 1.10 1.08 1.15 1.07 1.13 1.15 1.16 1.16 1.17 1.14 1.01 1.07 1.07 1.05 1.05 1.12 1.14 1.12 1.12 1.11 1.12 1.10 1.09 1.17 1.14 1.08 1.09 1.08 1.10 1.15 1.14 1.13 1.13 1.08 1.04 1.10 1.11 1.08 0.99 1.07 1.12 1.08 1.06 1.12 1.12 1.13 1.12 1.05 1.08 1.10 1.08 1.07
1.13 1.09 0.97 0.88 0.85 0.90 0.96 1.11 1.15 1.05 0.87 0.77 0.86 0.98 1.01 0.93 0.81 0.90 1.05 1.10 1.00 1.10 1.15 1.14 1.12 1.15 1.14 1.10 1.09 1.07 1.08 1.09 1.11 1.12 1.15 1.12 1.10 1.17 1.15 1.14 1.14 1.09 1.02 1.08 1.08 1.06 1.04 1.09 1.13 1.14 1.13 1.13 1.14 1.13 1.06 1.12 1.12 1.10 1.10 1.11 1.06 1.12 1.13 1.13 1.14 1.07 1.01 1.08 1.08 1.05 1.00 1.09 1.11 1.06 1.08 1.11 1.08 1.11 1.12 1.10 1.05 1.06 1.09 1.06
1.02 0.88 0.80 0.82 0.90 0.80 0.72 0.99 1.11 0.98 0.72 0.61 0.64 0.65 0.65 0.69 0.93 1.07 1.03 1.09 1.03 0.99 1.09 1.12 1.11 1.13 1.13 1.11 1.13 1.15 1.11 1.08 1.15 1.17 1.14 1.12 1.03 1.11 1.14 1.11 1.10 1.13 1.06 1.10 1.10 1.10 1.10 1.09 1.14 1.16 1.16 1.15 1.14 1.13 1.07 1.10 1.12 1.15 1.15 1.13 1.09 1.10 1.13 1.11 1.13 1.13 1.09 1.05 1.04 1.11 1.01 1.02 1.04 1.10 1.15 1.13 1.10 1.09 1.10 1.15 1.09 1.04 1.03 1.05
0.89 0.90 1.07 1.12 1.11 1.01 0.76 0.72 0.85 0.93 0.82 0.71 0.80 0.82 0.73 0.87 1.11 1.16 1.06 1.00 1.09 1.00 0.98 0.97 1.01 1.10 1.15 1.17 1.16 1.17 1.11 1.10 1.14 1.17 1.14 1.07 1.01 1.09 1.15 1.13 1.15 1.18 1.09 1.07 1.10 1.14 1.13 1.08 1.08 1.11 1.12 1.12 1.11 1.09 1.09 1.10 1.13 1.13 1.12 1.12 1.11 1.10 1.10 1.09 1.12 1.14 1.14 1.09 1.03 1.06 0.99 1.02 1.08 1.14 1.14 1.13 1.12 1.12 1.09 1.15 1.16 1.06 1.01 1.07
1.13 1.08 1.16 1.15 1.13 1.12 1.02 0.81 0.85 1.08 1.07 0.99 1.03 1.04 0.94 1.05 1.15 1.14 1.08 0.99 1.10 1.12 1.05 0.95 0.97 1.06 1.12 1.18 1.17 1.12 1.13 1.13 1.10 1.16 1.19 1.12 1.05 1.02 1.09 1.15 1.16 1.13 1.08 1.01 1.04 1.08 1.09 1.09 1.09 1.08 1.09 1.08 1.08 1.07 1.10 1.12 1.08 1.11 1.10 1.09 1.11 1.10 1.08 1.03 1.13 1.16 1.15 1.14 1.11 1.03 1.00 1.14 1.13 1.10 1.12 1.15 1.16 1.17 1.11 1.11 1.15 1.09 1.13 1.16
1.06 1.11 1.17 1.14 1.13 1.10 1.08 1.04 1.03 1.10 1.12 1.05 1.07 1.08 1.03 1.01 1.07 1.10 1.14 1.10 1.04 1.13 1.17 1.09 1.03 1.08 1.11 1.16 1.14 1.10 1.14 1.14 1.08 1.13 1.18 1.12 1.09 1.01 1.02 1.12 1.15 1.11 1.09 1.06 1.07 1.09 1.10 1.08 1.11 1.11 1.13 1.11 1.10 1.12 1.14 1.13 1.10 1.11 1.13 1.11 1.13 1.13 1.13 1.07 1.07 1.12 1.14 1.15 1.16 1.11 0.98 1.06 1.09 1.10 1.15 1.17 1.16 1.16 1.11 1.08 1.08 1.09 1.15 1.17
1.02 1.12 1.15 1.15 1.13 1.10 1.11 1.15 1.15 1.12 1.07 1.04 1.10 1.14 1.10 1.02 1.04 1.04 1.09 1.13 1.03 1.02 1.13 1.10 1.03 1.07 1.10 1.12 1.11 1.14 1.15 1.13 1.11 1.13 1.11 1.06 1.11 1.08 1.02 1.07 1.12 1.11 1.12 1.14 1.12 1.13 1.12 1.06 1.04 1.10 1.13 1.08 1.08 1.11 1.13 1.13 1.12 1.08 1.12 1.13 1.15 1.15 1.15 1.12 1.06 1.07 1.12 1.15 1.14 1.11 1.05 1.00 1.04 1.13 1.13 1.12 1.12 1.14 1.12 1.10 1.07 1.12 1.13 1.15
1.08 1.15 1.15 1.16 1.15 1.13 1.16 1.13 1.11 1.05 1.05 1.07 1.12 1.13 1.08 1.02 1.04 1.07 1.11 1.16 1.11 1.00 1.04 1.10 1.05 1.00 1.00 1.02 1.10 1.12 1.12 1.13 1.11 1.08 1.04 0.98 1.12 1.15 1.06 1.06 1.12 1.14 1.13 1.13 1.14 1.13 1.09 1.07 1.05 1.11 1.10 1.03 1.09 1.10 1.09 1.09 1.08 1.04 1.14 1.13 1.14 1.14 1.15 1.15 1.16 1.09 1.06 1.07 1.08 1.15 1.15 1.08 1.01 1.06 1.07 1.10 1.14 1.16 1.15 1.11 1.10 1.15 1.13 1.12
1.15 1.18 1.17 1.14 1.15 1.15 1.13 1.11 1.14 1.05 1.01 1.07 1.13 1.12 1.08 1.06 1.11 1.13 1.16 1.17 1.12 1.03 1.09 1.14 1.15 1.07 1.04 1.04 1.00 1.01 1.02 1.04 1.09 1.12 1.14 1.08 1.09 1.16 1.12 1.06 1.11 1.12 1.10 1.11 1.11 1.11 1.08 1.07 1.08 1.12 1.13 1.08 1.11 1.11 1.09 1.12 1.13 1.06 1.14 1.11 1.09 1.14 1.15 1.14 1.14 1.10 1.11 1.14 1.10 1.08 1.16 1.17 1.07 1.05 1.13 1.16 1.17 1.16 1.14 1.06 1.12 1.12 1.10 1.11
1.18 1.19 1.17 1.13 1.11 1.10 1.13 1.14 1.13 1.05 0.99 1.06 1.16 1.18 1.14 1.10 1.18 1.17 1.15 1.11 1.11 1.13 1.13 1.14 1.14 1.09 1.08 1.16 1.10 1.02 1.09 1.10 1.11 1.16 1.17 1.14 1.07 1.16 1.15 1.07 1.03 1.10 1.15 1.14 1.09 1.11 1.08 1.03 1.05 1.14 1.11 1.10 1.12 1.14 1.13 1.14 1.14 1.10 1.04 1.07 1.10 1.15 1.15 1.10 1.14 1.16 1.16 1.16 1.16 1.09 1.07 1.13 1.06 1.05 1.13 1.16 1.15 1.16 1.10 1.05 1.09 1.09 1.14 1.15
1.18 1.18 1.14 1.06 1.07 1.14 1.17 1.12 1.06 1.02 1.02 1.08 1.17 1.18 1.12 1.10 1.16 1.15 1.10 1.08 1.17 1.17 1.17 1.16 1.07 1.03 1.14 1.20 1.19 1.08 1.09 1.12 1.11 1.12 1.12 1.13 1.09 1.13 1.16 1.13 1.07 1.13 1.16 1.14 1.11 1.12 1.09 1.04 1.03 1.09 1.06 1.09 1.11 1.13 1.13 1.10 1.06 1.04 1.00 1.08 1.14 1.15 1.16 1.13 1.15 1.14 1.13 1.11 1.11 1.10 1.03 0.99 1.02 1.13 1.15 1.14 1.14 1.10 1.07 1.15 1.16 1.15 1.14 1.13
1.10 1.10 1.09 1.11 1.13 1.16 1.16 1.10 1.05 1.07 1.06 1.07 1.14 1.17 1.12 1.09 1.14 1.12 1.09 1.09 1.13 1.17 1.20 1.19 1.12 1.07 1.11 1.17 1.18 1.13 1.09 1.13 1.16 1.09 1.10 1.13 1.08 1.11 1.15 1.14 1.09 1.12 1.15 1.13 1.10 1.13 1.11 1.10 1.06 1.04 1.05 1.12 1.14 1.13 1.13 1.14 1.12 1.09 1.04 1.13 1.17 1.12 1.12 1.11 1.11 1.10 1.11 1.10 1.09 1.11 1.12 1.07 1.02 1.13 1.17 1.13 1.13 1.05 1.06 1.12 1.14 1.14 1.11 1.14
1.01 1.08 1.12 1.16 1.14 1.14 1.13 1.12 1.09 1.14 1.13 1.09 1.11 1.14 1.14 1.13 1.13 1.14 1.13 1.12 1.15 1.18 1.17 1.16 1.13 1.08 1.07 1.11 1.17 1.17 1.14 1.10 1.11 1.11 1.14 1.15 1.11 1.11 1.15 1.16 1.11 1.09 1.14 1.14 1.10 1.11 1.12 1.08 1.07 1.07 1.09 1.13 1.13 1.13 1.15 1.16 1.13 1.09 1.06 1.12 1.17 1.12 1.07 1.09 1.10 1.10 1.12 1.13 1.14 1.14 1.15 1.13 1.02 1.02 1.14 1.17 1.16 1.04 1.06 1.11 1.12 1.11 1.08 1.11
1.10 1.14 1.12 1.14 1.14 1.13 1.11 1.13 1.10 1.15 1.18 1.15 1.13 1.11 1.10 1.09 1.11 1.15 1.15 1.15 1.14 1.16 1.12 1.15 1.12 1.10 1.13 1.11 1.15 1.16 1.16 1.09 1.04 1.11 1.15 1.15 1.15 1.11 1.12 1.16 1.12 1.10 1.15 1.15 1.10 1.11 1.13 1.10 1.14 1.12 1.05 1.10 1.11 1.13 1.15 1.14 1.12 1.09 1.05 1.07 1.15 1.13 1.06 1.07 1.13 1.14 1.14 1.14 1.16 1.15 1.14 1.12 1.07 1.01 1.05 1.12 1.11 1.02 1.11 1.16 1.16 1.12 1.10 1.08
1.14 1.16 1.15 1.11 1.14 1.15 1.12 1.08 1.09 1.13 1.15 1.16 1.16 1.14 1.10 1.06 1.13 1.15 1.15 1.16 1.13 1.11 1.08 1.10 1.09 1.11 1.14 1.13 1.14 1.10 1.11 1.11 1.09 1.08 1.12 1.13 1.13 1.11 1.12 1.15 1.12 1.11 1.12 1.15 1.12 1.13 1.11 1.09 1.14 1.09 1.08 1.13 1.13 1.10 1.10 1.11 1.13 1.12 1.05 1.03 1.13 1.13 1.08 1.07 1.13 1.14 1.14 1.13 1.14 1.11 1.10 1.08 1.08 1.07 1.01 1.01 0.96 1.03 1.15 1.16 1.15 1.13 1.09 1.07
1.15 1.12 1.11 1.10 1.13 1.15 1.13 1.05 1.04 1.08 1.13 1.17 1.17 1.16 1.14 1.14 1.16 1.17 1.17 1.16 1.14 1.08 1.09 1.10 1.11 1.14 1.14 1.16 1.16 1.09 1.10 1.14 1.16 1.11 1.08 1.13 1.12 1.13 1.12 1.14 1.13 1.14 1.13 1.13 1.13 1.08 1.05 1.03 1.06 1.11 1.14 1.09 1.10 1.11 1.12 1.12 1.16 1.14 1.08 1.00 1.09 1.14 1.10 1.04 1.10 1.12 1.13 1.15 1.14 1.13 1.11 1.11 1.12 1.11 1.11 1.13 1.10 1.01 1.14 1.14 1.14 1.15 1.09 1.11
1.14 1.16 1.13 1.09 1.12 1.13 1.12 1.10 1.00 1.00 1.13 1.15 1.15 1.11 1.12 1.13 1.14 1.16 1.17 1.16 1.12 1.10 1.14 1.11 1.10 1.12 1.12 1.16 1.15 1.07 1.12 1.14 1.16 1.16 1.08 1.08 1.12 1.14 1.14 1.14 1.15 1.17 1.17 1.11 1.07 1.02 1.02 0.99 1.10 1.18 1.16 1.08 1.10 1.17 1.13 1.11 1.16 1.15 1.09 0.98 1.03 1.14 1.13 1.03 1.11 1.12 1.12 1.12 1.13 1.14 1.13 1.14 1.10 1.12 1.14 1.16 1.19 1.05 1.10 1.15 1.17 1.16 1.09 1.14
1.05 1.11 1.12 1.11 1.09 1.10 1.08 1.05 1.04 1.03 1.12 1.09 1.08 1.09 1.13 1.15 1.16 1.16 1.14 1.10 1.06 1.09 1.13 1.13 1.12 1.13 1.12 1.13 1.09 1.11 1.13 1.13 1.14 1.16 1.15 1.12 1.14 1.14 1.12 1.15 1.15 1.12 1.10 1.09 1.12 1.17 1.18 1.10 1.08 1.17 1.17 1.12 1.09 1.15 1.12 1.11 1.16 1.14 1.12 1.06 1.05 1.14 1.15 1.05 1.02 1.10 1.13 1.13 1.14 1.11 1.08 1.10 1.12 1.10 1.09 1.10 1.14 1.04 1.02 1.13 1.13 1.08 1.12 1.14
1.11 1.13 1.12 1.08 1.06 1.06 1.06 1.06 1.10 1.03 1.01 1.00 1.05 1.10 1.10 1.12 1.11 1.11 1.10 1.09 1.13 1.13 1.12 1.13 1.13 1.12 1.08 1.08 1.08 1.09 1.12 1.15 1.14 1.15 1.15 1.15 1.10 1.10 1.12 1.15 1.15 1.14 1.16 1.17 1.18 1.20 1.19 1.15 1.07 1.12 1.18 1.12 1.08 1.12 1.11 1.14 1.16 1.14 1.17 1.10 1.02 1.11 1.14 1.10 1.05 1.05 1.11 1.14 1.14 1.11 1.12 1.13 1.10 1.10 1.08 1.07 1.11 1.06 0.97 1.06 1.06 1.09 1.15 1.12
1.07 1.09 1.10 1.10 1.12 1.10 1.03 1.05 1.08 1.08 1.07 1.04 1.12 1.14 1.13 1.16 1.12 1.07 1.07 1.10 1.11 1.14 1.08 1.10 1.12 1.08 1.07 1.10 1.04 1.07 1.13 1.13 1.12 1.14 1.15 1.10 1.05 1.10 1.16 1.17 1.16 1.16 1.16 1.18 1.18 1.18 1.17 1.15 1.12 1.06 1.16 1.13 1.08 1.11 1.14 1.15 1.13 1.11 1.15 1.08 1.02 1.10 1.11 1.10 1.09 1.02 1.08 1.11 1.09 1.09 1.09 1.12 1.10 1.08 1.06 1.05 1.14 1.12 1.01 0.99 1.05 1.14 1.17 1.08
1.06 1.12 1.13 1.16 1.16 1.14 1.06 1.08 1.09 1.13 1.09 1.06 1.12 1.15 1.12 1.15 1.15 1.11 1.09 1.10 1.11 1.12 1.05 1.09 1.08 1.05 1.10 1.11 1.09 1.11 1.13 1.12 1.10 1.11 1.10 1.09 1.13 1.15 1.16 1.17 1.14 1.11 1.13 1.17 1.18 1.18 1.16 1.13 1.13 1.06 1.07 1.09 1.08 1.14 1.16 1.15 1.15 1.11 1.12 1.12 1.06 1.04 1.04 1.09 1.09 1.02 1.07 1.09 1.07 1.09 1.13 1.15 1.14 1.12 1.11 1.09 1.14 1.15 1.09 0.98 1.03 1.12 1.07 1.01
1.09 1.15 1.14 1.14 1.15 1.16 1.13 1.06 1.04 1.10 1.07 1.10 1.14 1.16 1.13 1.13 1.14 1.10 1.10 1.10 1.12 1.09 1.07 1.10 1.08 1.07 1.06 1.10 1.17 1.14 1.13 1.08 1.08 1.11 1.13 1.15 1.17 1.16 1.15 1.15 1.09 1.06 1.11 1.14 1.16 1.17 1.15 1.12 1.13 1.13 1.05 1.02 1.07 1.14 1.15 1.13 1.15 1.11 1.12 1.14 1.13 1.12 1.04 1.02 1.08 1.00 1.01 1.03 1.03 1.07 1.11 1.14 1.15 1.16 1.17 1.13 1.11 1.11 1.08 1.00 0.99 1.06 1.04 1.10
1.11 1.13 1.13 1.14 1.17 1.16 1.14 1.05 1.00 1.06 1.07 1.10 1.12 1.16 1.16 1.11 1.12 1.08 1.06 1.05 1.07 1.09 1.06 1.04 1.10 1.14 1.11 1.08 1.15 1.13 1.08 1.06 1.12 1.16 1.17 1.15 1.15 1.12 1.14 1.11 1.06 1.08 1.12 1.14 1.16 1.17 1.12 1.11 1.13 1.16 1.12 1.01 1.01 1.09 1.11 1.08 1.08 1.09 1.11 1.13 1.17 1.18 1.12 1.04 1.02 1.04 1.08 1.09 1.12 1.07 1.02 1.11 1.14 1.16 1.19 1.15 1.09 1.05 1.08 1.11 1.06 1.01 1.03 1.14
1.12 1.12 1.11 1.13 1.13 1.14 1.15 1.08 1.01 1.13 1.11 1.08 1.14 1.18 1.16 1.11 1.09 1.03 1.06 1.08 1.13 1.14 1.10 1.06 1.11 1.18 1.19 1.07 1.04 1.08 1.12 1.13 1.15 1.14 1.16 1.10 1.16 1.12 1.11 1.11 1.04 1.05 1.10 1.15 1.16 1.15 1.10 1.08 1.14 1.17 1.17 1.13 1.05 1.01 1.08 1.15 1.14 1.15 1.15 1.15 1.16 1.17 1.11 1.12 1.10 1.07 1.15 1.17 1.16 1.12 1.01 1.03 1.11 1.10 1.14 1.16 1.14 1.14 1.17 1.17 1.08 1.02 1.11 1.13
1.08 1.11 1.14 1.14 1.12 1.10 1.09 1.03 1.01 1.16 1.15 1.13 1.17 1.16 1.13 1.08 1.07 1.05 1.12 1.14 1.10 1.16 1.17 1.14 1.10 1.14 1.16 1.05 1.11 1.16 1.15 1.14 1.15 1.12 1.13 1.14 1.12 1.10 1.09 1.11 1.04 1.07 1.10 1.15 1.15 1.14 1.12 1.07 1.09 1.14 1.16 1.08 1.05 1.11 1.17 1.18 1.16 1.16 1.15 1.14 1.15 1.14 1.12 1.13 1.12 1.07 1.06 1.08 1.09 1.05 1.02 1.01 1.09 1.09 1.14 1.16 1.15 1.15 1.16 1.15 1.06 1.11 1.16 1.14
1.12 1.13 1.15 1.15 1.15 1.11 1.05 0.94 0.99 1.13 1.11 1.13 1.15 1.14 1.15 1.06 1.03 1.08 1.14 1.18 1.13 1.15 1.18 1.14 1.10 1.13 1.14 1.04 1.14 1.14 1.14 1.15 1.12 1.11 1.14 1.16 1.10 1.10 1.14 1.13 1.06 1.09 1.10 1.11 1.12 1.14 1.15 1.12 1.04 1.12 1.14 1.02 1.10 1.17 1.17 1.15 1.12 1.13 1.11 1.11 1.11 1.13 1.14 1.15 1.15 1.15 1.15 1.15 1.16 1.14 1.10 1.02 1.02 1.13 1.16 1.18 1.16 1.12 1.11 1.09 1.10 1.15 1.17 1.17
1.14 1.13 1.13 1.12 1.09 1.05 1.01 0.97 0.96 1.07 1.09 1.11 1.13 1.16 1.17 1.08 1.03 1.09 1.14 1.15 1.11 1.10 1.13 1.12 1.15 1.18 1.16 1.06 1.13 1.13 1.12 1.14 1.12 1.10 1.14 1.12 1.10 1.14 1.12 1.13 1.08 1.10 1.08 1.08 1.13 1.18 1.19 1.16 1.11 1.08 1.10 1.00 1.06 1.09 1.09 1.10 1.11 1.15 1.16 1.18 1.17 1.16 1.16 1.16 1.14 1.14 1.15 1.14 1.12 1.11 1.08 0.99 0.97 1.09 1.11 1.14 1.17 1.13 1.03 1.07 1.18 1.18 1.18 1.14
1.16 1.14 1.11 1.08 1.07 1.05 1.04 1.06 1.03 1.11 1.12 1.14 1.15 1.14 1.18 1.13 1.03 1.04 1.07 1.11 1.11 1.12 1.14 1.17 1.18 1.17 1.17 1.07 1.08 1.12 1.13 1.15 1.15 1.12 1.08 1.09 1.11 1.12 1.12 1.13 1.05 1.04 1.01 1.08 1.16 1.17 1.19 1.17 1.13 1.01 1.03 1.05 1.08 1.10 1.10 1.15 1.14 1.15 1.17 1.16 1.14 1.14 1.14 1.15 1.15 1.14 1.15 1.15 1.14 1.15 1.15 1.08 1.01 1.02 1.05 1.07 1.14 1.10 1.01 1.12 1.17 1.14 1.11 1.12
1.16 1.15 1.12 1.12 1.11 1.09 1.09 1.01 1.09 1.14 1.12 1.15 1.15 1.12 1.11 1.08 1.06 1.06 1.06 1.10 1.10 1.12 1.17 1.16 1.14 1.16 1.16 1.12 1.07 1.03 1.10 1.16 1.17 1.11 1.06 1.08 1.09 1.11 1.16 1.12 1.06 1.09 1.04 1.11 1.15 1.14 1.17 1.18 1.15 1.01 1.07 1.15 1.15 1.14 1.13 1.14 1.12 1.09 1.11 1.10 1.12 1.15 1.15 1.11 1.16 1.16 1.16 1.15 1.16 1.18 1.16 1.13 1.11 1.10 1.12 1.09 1.03 0.95 0.92 1.07 1.09 1.10 1.07 1.08
1.14 1.16 1.14 1.14 1.14 1.13 1.15 1.06 1.09 1.15 1.14 1.15 1.14 1.04 1.09 1.12 1.15 1.13 1.08 1.06 1.10 1.12 1.13 1.12 1.12 1.14 1.17 1.16 1.13 1.05 1.05 1.12 1.11 1.10 1.15 1.13 1.13 1.13 1.15 1.11 1.07 1.13 1.11 1.05 1.09 1.14 1.17 1.19 1.18 1.10 1.03 1.10 1.15 1.14 1.15 1.10 1.03 1.05 1.11 1.14 1.14 1.13 1.15 1.10 1.16 1.16 1.14 1.16 1.17 1.17 1.15 1.13 1.14 1.14 1.15 1.14 1.03 0.98 0.94 0.94 0.99 1.09 1.10 1.10
1.12 1.12 1.14 1.18 1.16 1.11 1.09 1.01 1.09 1.16 1.14 1.05 1.01 1.04 1.12 1.15 1.14 1.09 1.08 1.09 1.12 1.12 1.12 1.13 1.15 1.14 1.13 1.15 1.17 1.12 1.05 1.02 1.07 1.14 1.17 1.16 1.15 1.15 1.12 1.09 1.05 1.14 1.18 1.16 1.08 1.06 1.11 1.15 1.14 1.10 0.97 0.92 1.03 1.09 1.08 1.04 1.08 1.12 1.10 1.11 1.13 1.14 1.15 1.09 1.11 1.12 1.12 1.14 1.15 1.16 1.17 1.14 1.14 1.14 1.09 1.09 1.14 1.17 1.12 1.00 1.02 1.11 1.09 1.12
1.15 1.12 1.14 1.19 1.18 1.12 1.10 0.96 1.04 1.06 1.03 1.07 1.14 1.12 1.11 1.11 1.11 1.12 1.08 1.09 1.13 1.15 1.16 1.14 1.13 1.17 1.12 1.11 1.16 1.13 1.05 1.08 1.14 1.15 1.15 1.16 1.15 1.13 1.12 1.13 1.08 1.10 1.18 1.20 1.17 1.11 1.06 1.09 1.14 1.12 1.05 0.88 0.87 1.00 1.09 1.12 1.13 1.12 1.11 1.10 1.09 1.11 1.11 1.03 1.04 1.10 1.15 1.14 1.11 1.11 1.16 1.15 1.11 1.11 1.13 1.15 1.16 1.16 1.11 0.99 1.02 1.17 1.15 1.16
1.14 1.10 1.13 1.19 1.19 1.14 1.08 0.90 0.94 1.06 1.10 1.12 1.15 1.13 1.05 1.06 1.15 1.12 1.07 1.12 1.15 1.15 1.15 1.16 1.14 1.14 1.11 1.06 1.08 1.07 1.10 1.16 1.18 1.17 1.17 1.17 1.13 1.10 1.15 1.16 1.18 1.10 1.15 1.18 1.17 1.16 1.09 1.03 1.09 1.12 1.10 0.96 0.95 1.08 1.13 1.15 1.13 1.12 1.11 1.08 1.04 1.06 1.08 1.08 1.07 1.12 1.15 1.16 1.15 1.10 1.10 1.07 1.07 1.17 1.19 1.14 1.17 1.15 1.13 1.02 1.00 1.17 1.16 1.14
