ASCII/Jawoyn_DEM-80.asc
NCOLS 1028
NROWS 689
XLLCORNER 13600.0000000000
YLLCORNER -1537237.0000000000
CELLSIZE 80.000000
NODATA_VALUE -99999
[rows 546 to 587 of 689, columns 564 to 657 of 1028]
246 247 248 247 247 246 246 246 246 247 247 248 247 245 243 242 242 241 238 236 232 228 224 222 222 221 219 217 217 216 215 215 214 214 216 218 221 222 221 219 220 221 224 230 237 246 251 252 252 253 253 253 254 255 255 256 255 255 257 257 258 259 259 259 260 260 260 261 262 263 264 263 262 259 259 259 258 257 255 255 257 257 258 260 260 261 263 263 264 264 266 268 270 270
246 244 245 247 246 245 245 245 246 247 246 247 246 243 242 240 239 238 236 234 231 228 225 222 223 222 221 219 218 217 217 216 214 214 216 218 221 222 221 218 218 219 226 236 245 248 250 251 252 253 252 252 253 254 255 255 255 253 255 256 257 258 258 259 259 258 257 259 261 262 263 262 260 259 259 258 256 255 256 256 258 258 258 259 259 259 261 262 264 265 267 268 269 269
244 242 243 245 245 244 244 244 245 246 246 246 246 244 242 240 238 237 236 234 230 227 226 223 225 225 223 221 219 219 218 217 214 214 216 219 221 221 221 218 217 221 226 236 245 247 250 251 251 252 253 254 251 252 254 255 255 254 255 255 255 256 257 257 257 257 258 257 257 258 260 259 258 258 258 257 255 254 255 257 260 260 259 259 260 260 260 261 266 268 268 269 268 269
242 241 243 244 244 244 243 244 246 247 247 246 245 245 243 241 239 238 235 233 231 228 226 225 227 226 223 222 221 220 220 217 215 214 216 218 218 219 221 218 216 218 221 230 240 245 247 249 249 249 251 251 250 251 252 253 254 254 254 253 254 256 256 256 257 257 256 255 255 255 256 256 256 255 255 255 254 255 256 257 259 259 261 261 260 261 263 264 267 267 267 270 270 270
242 242 243 242 243 243 243 244 245 246 246 245 244 243 243 242 240 237 235 232 230 229 227 227 228 226 223 222 222 220 219 216 215 214 216 217 216 218 220 217 215 215 217 222 229 236 240 244 246 247 248 246 247 250 251 251 252 252 252 252 252 253 255 256 256 255 253 252 253 253 253 252 253 251 253 254 253 256 258 258 258 260 263 263 264 266 267 268 267 268 268 269 270 272
243 242 242 243 242 241 243 244 244 244 245 245 245 244 242 241 238 236 235 232 231 231 230 227 227 225 223 222 222 220 219 217 215 214 213 214 216 217 219 217 214 214 214 217 219 223 230 238 241 243 242 238 242 248 250 251 251 251 250 251 252 252 253 255 255 253 251 247 247 247 248 250 250 250 252 254 255 256 257 259 259 260 263 266 267 269 271 271 269 270 269 269 270 273
242 242 241 241 241 240 242 243 243 243 243 244 244 243 242 241 237 236 235 233 232 231 230 228 226 225 223 222 221 221 219 217 215 215 213 213 215 216 218 217 216 215 214 214 216 217 222 228 230 233 236 230 235 244 248 250 250 249 249 250 252 253 253 254 253 251 245 239 239 242 246 250 253 254 254 256 258 257 258 259 259 260 263 266 268 270 271 271 271 270 269 269 271 273
241 240 240 239 238 238 241 242 242 242 243 243 243 242 242 241 238 237 235 233 232 230 230 228 227 225 223 222 221 220 219 218 216 215 213 213 215 215 216 218 217 216 213 213 214 215 219 219 220 222 225 221 225 235 243 249 248 247 249 249 250 249 248 249 248 244 236 234 238 244 250 254 257 257 257 259 260 259 259 260 260 259 263 265 266 268 269 272 273 271 271 272 272 275
239 239 238 238 237 237 240 242 243 242 242 243 242 241 241 239 237 235 233 233 233 231 231 229 229 226 223 222 221 220 220 219 217 216 214 212 214 214 216 218 217 216 213 211 211 214 216 215 215 216 216 216 219 226 237 244 242 244 243 241 242 241 237 237 237 234 231 234 243 251 255 258 260 260 259 259 260 260 261 261 261 260 262 264 265 267 270 272 273 273 273 273 274 276
237 237 236 236 235 235 237 239 241 242 241 240 241 242 241 240 237 236 234 235 235 233 233 231 230 227 226 223 221 220 219 218 217 215 214 213 212 212 215 217 217 215 212 210 210 212 213 213 213 214 214 216 219 221 227 232 234 235 230 225 225 225 224 225 229 229 231 236 248 256 258 260 261 262 261 261 261 261 261 261 260 261 264 265 266 268 271 273 272 274 274 273 274 275
236 236 235 234 234 235 236 238 239 239 240 240 241 242 241 239 239 238 237 236 235 234 234 234 233 229 229 227 224 222 221 218 217 216 216 216 213 212 213 215 216 215 213 211 209 210 211 211 211 211 212 216 218 217 220 222 223 223 220 218 217 220 221 226 230 230 232 240 250 255 258 259 260 261 261 262 263 262 261 261 261 262 264 265 267 269 271 274 273 274 273 273 274 275
236 234 233 233 233 234 234 236 236 236 237 239 240 239 240 240 240 239 239 239 237 235 236 239 240 236 233 229 226 225 224 221 220 218 217 216 214 213 213 215 217 216 214 211 208 208 209 209 210 212 214 215 216 215 216 216 216 216 216 216 217 221 223 227 228 229 236 246 251 254 257 258 258 258 260 261 260 259 260 261 262 263 265 265 267 271 271 273 273 273 273 273 273 273
233 230 229 231 231 232 232 233 234 234 235 238 240 239 241 242 242 241 241 241 239 238 238 240 242 239 235 230 228 227 226 225 223 220 218 217 216 213 214 218 219 218 216 212 208 207 209 210 211 213 214 213 212 212 213 213 213 213 214 214 216 220 223 225 226 231 242 250 252 254 255 256 256 257 258 259 259 258 260 260 262 263 264 265 267 270 272 273 272 272 273 273 272 272
231 229 227 226 227 227 229 230 231 233 235 239 240 241 242 243 244 242 242 242 241 241 242 242 242 239 236 233 230 228 226 226 224 220 217 216 215 213 215 217 218 216 214 210 207 208 209 210 212 215 215 212 209 208 209 210 211 212 213 214 215 217 219 220 223 232 245 252 254 255 254 255 254 255 256 257 258 259 260 261 262 264 264 266 267 268 271 273 271 271 273 273 273 271
229 228 226 223 223 224 227 228 230 233 236 240 242 242 243 243 244 244 244 244 244 244 245 245 243 240 238 235 232 229 227 226 224 219 215 214 212 211 213 215 215 213 212 207 205 208 208 209 212 214 214 212 209 208 206 208 210 212 212 213 215 217 218 220 225 232 244 252 254 254 253 254 253 253 255 255 257 260 261 261 262 264 264 265 266 266 270 270 269 270 272 272 272 272
225 225 224 221 222 226 228 229 229 231 235 240 242 243 244 244 245 244 245 245 246 246 246 245 242 240 237 234 232 229 227 224 222 217 215 216 212 211 214 215 214 212 209 206 204 206 207 209 211 212 212 211 209 208 207 209 210 211 212 213 216 221 225 230 239 244 249 253 253 253 253 254 254 254 255 256 258 260 260 260 261 264 263 264 266 266 269 269 268 270 272 272 270 270
218 221 219 217 222 228 231 232 231 231 235 239 242 244 245 246 246 244 245 246 247 247 246 244 242 240 237 234 233 230 225 221 218 213 212 213 210 211 215 216 213 210 207 205 204 205 206 207 209 210 211 210 209 208 208 208 209 210 212 214 221 229 239 245 248 249 251 252 252 252 253 253 254 256 257 259 260 261 261 261 261 263 265 265 265 265 267 270 271 271 271 270 268 267
209 213 211 213 220 225 231 235 237 237 236 237 240 243 245 245 246 246 248 249 249 247 247 245 243 239 236 234 232 229 227 223 216 211 210 210 209 209 212 213 211 207 205 206 207 208 206 207 208 210 210 209 210 209 208 208 209 211 213 215 222 234 245 248 247 248 250 250 250 251 252 253 254 256 257 259 261 262 263 262 262 263 265 266 266 265 266 269 270 269 269 268 267 268
202 201 203 211 220 225 230 235 240 241 240 240 243 244 245 246 247 249 250 251 251 249 248 246 244 240 237 235 233 230 228 225 217 213 211 207 205 207 208 207 206 203 204 206 208 208 208 209 210 212 212 211 209 207 208 209 209 211 214 216 221 231 243 247 246 247 248 247 249 251 252 252 254 256 257 259 260 261 261 260 260 262 264 266 267 267 265 266 266 265 265 267 268 269
198 199 206 213 221 226 229 233 237 241 244 245 246 246 247 246 249 251 252 253 252 250 249 247 245 242 240 237 234 232 231 228 220 216 213 208 204 204 204 206 206 203 204 206 207 209 210 212 213 213 213 211 209 206 207 208 208 211 214 216 220 227 239 245 245 245 246 246 247 249 250 252 252 254 255 257 258 259 259 259 260 262 264 266 267 265 263 263 262 263 264 265 265 265
193 198 208 216 219 224 228 231 234 238 243 245 246 247 247 245 247 250 251 252 250 249 249 248 247 243 240 237 234 232 231 229 222 216 210 206 203 203 203 207 207 204 205 206 207 209 210 212 213 214 212 210 209 207 207 207 208 210 212 214 217 222 232 239 238 239 242 244 245 247 249 251 252 254 254 255 257 257 258 258 259 260 263 265 265 263 261 261 261 261 262 262 262 263
189 194 204 216 220 223 226 229 232 235 239 242 244 245 244 242 242 245 246 246 245 245 245 247 247 243 239 236 232 231 230 228 220 213 207 205 205 205 204 206 206 203 205 205 206 206 207 210 214 217 215 212 211 208 207 208 209 211 212 213 216 219 223 227 229 231 236 241 244 248 249 250 253 254 253 254 257 257 257 259 259 260 263 264 263 260 259 260 259 259 260 261 262 263
194 191 196 206 216 221 224 227 228 229 231 234 237 238 236 236 235 236 235 237 239 241 242 244 243 239 237 234 230 228 227 226 218 211 211 211 210 209 210 207 203 201 203 204 204 204 206 209 214 218 217 214 213 211 210 209 210 210 212 214 217 220 222 224 228 230 233 240 244 246 248 248 250 252 252 253 256 257 258 259 260 260 263 264 261 259 259 259 257 257 257 259 261 261
205 195 189 198 208 213 216 220 223 225 227 227 229 229 228 230 230 231 232 235 237 238 238 237 236 235 235 233 230 227 224 219 217 217 215 212 209 210 212 210 203 199 202 204 207 207 209 212 215 217 215 212 214 215 213 212 211 210 212 215 216 219 222 224 230 235 238 245 246 247 248 249 251 251 252 254 255 256 258 260 260 259 260 262 260 258 257 257 257 257 256 257 259 258
209 199 192 190 197 204 209 212 215 219 222 224 222 222 224 227 229 230 233 235 236 234 232 230 230 231 231 228 226 223 221 219 221 221 219 214 208 207 208 207 201 200 203 206 208 210 211 212 216 215 211 210 217 220 217 214 212 211 212 214 217 219 225 230 237 243 246 249 248 248 248 249 251 250 253 254 254 254 257 259 258 257 259 260 259 257 256 255 256 255 255 256 258 258
209 203 198 186 188 197 203 208 211 212 214 218 219 219 223 226 228 230 233 234 235 231 226 224 226 228 227 222 219 219 223 226 223 222 222 216 210 206 205 203 199 200 204 207 209 212 212 211 213 211 207 211 221 222 220 217 214 213 214 216 220 224 232 241 244 246 248 248 249 249 250 251 251 250 252 252 253 253 256 258 256 256 257 258 257 256 256 254 255 255 255 256 257 258
206 201 196 184 186 197 202 205 207 209 209 214 215 216 220 224 227 230 231 232 231 227 220 219 221 224 219 216 217 223 228 228 225 224 223 219 214 208 205 203 198 199 204 208 210 212 211 209 208 206 206 214 222 223 221 218 217 217 217 218 222 227 238 245 247 249 248 249 249 250 251 252 252 252 253 253 254 254 256 257 256 256 256 257 255 254 254 253 254 255 255 256 255 256
200 195 189 178 185 199 203 204 204 204 207 212 213 213 218 222 226 227 229 229 227 223 218 216 214 213 209 214 221 226 230 229 226 224 222 221 217 211 210 205 198 198 202 205 207 209 206 204 203 204 209 218 225 225 220 217 217 219 219 220 222 228 240 246 249 250 249 251 250 250 251 252 253 254 255 255 254 255 256 256 256 256 255 255 254 253 253 252 253 253 255 255 254 254
188 185 182 175 181 194 199 200 198 198 201 207 209 211 215 219 222 223 225 223 221 219 218 215 208 204 207 216 223 228 231 228 223 221 221 222 217 213 212 206 199 196 199 202 203 203 201 200 201 205 213 221 226 224 217 213 212 215 218 219 218 224 238 245 247 249 249 251 251 251 251 253 254 254 256 255 255 257 258 257 256 256 255 253 252 252 251 252 252 252 253 253 253 255
177 176 175 171 176 185 190 195 196 197 199 202 205 209 213 216 219 220 220 218 216 215 214 209 203 205 213 219 223 227 228 224 218 217 219 220 214 210 209 203 197 193 194 197 198 199 199 201 203 207 211 219 222 219 215 211 210 212 212 214 214 219 233 243 245 247 249 249 250 251 252 254 255 255 255 256 256 257 257 256 254 254 253 251 250 251 250 251 250 250 251 253 255 256
174 170 168 168 172 176 183 192 199 202 201 200 201 202 206 212 215 216 216 215 213 210 208 204 205 211 216 221 224 225 224 223 218 216 217 218 211 203 198 195 194 194 196 199 202 203 205 209 209 208 209 214 217 215 211 207 207 206 205 206 209 214 229 241 244 246 249 249 249 250 252 254 254 254 255 255 256 258 258 255 253 253 251 249 250 251 250 248 248 250 251 253 255 257
173 167 164 168 173 178 180 186 194 200 201 201 199 198 198 202 205 208 211 210 207 201 202 210 214 214 217 221 224 225 222 217 215 214 210 207 200 197 196 198 199 197 199 202 203 205 210 213 215 213 214 215 215 211 207 203 201 201 203 204 209 222 237 242 243 245 248 248 248 250 251 252 253 255 256 255 256 258 257 254 251 250 249 248 248 248 248 249 251 252 253 255 257 259
172 167 163 168 175 178 176 177 183 191 196 199 198 197 196 198 201 205 205 205 199 197 207 216 219 217 217 220 221 219 217 208 203 201 198 197 200 204 203 201 201 201 199 200 202 205 209 212 214 216 217 219 214 208 205 203 201 199 204 206 214 232 243 242 243 245 248 248 249 251 252 252 251 252 255 254 255 256 255 254 253 250 248 248 247 246 247 250 252 253 255 257 258 258
171 166 162 166 172 171 169 167 169 175 183 192 196 197 195 196 200 201 199 195 194 204 216 219 219 215 212 210 207 202 199 197 198 200 202 206 206 207 204 201 204 205 203 202 203 206 208 211 213 214 218 220 209 203 203 201 199 198 201 204 215 233 243 243 243 245 247 248 249 251 252 251 249 251 252 252 253 254 253 253 251 249 248 247 247 246 247 249 252 254 257 259 258 259
168 165 162 167 168 164 164 163 162 163 170 180 190 195 194 193 195 195 191 190 199 212 216 214 212 204 196 196 198 198 198 201 208 208 208 209 205 203 203 203 207 209 206 206 208 209 210 212 212 213 219 221 208 200 201 200 198 196 196 199 209 225 239 243 243 244 246 248 249 250 250 250 249 249 250 251 253 252 251 251 249 249 247 246 246 248 248 249 253 256 257 257 257 258
161 161 163 168 161 155 156 157 159 161 161 168 180 189 192 189 184 181 184 194 203 209 208 202 196 188 190 200 207 207 204 206 208 205 205 205 207 211 207 206 209 210 208 208 211 211 212 213 212 214 218 218 206 198 202 201 197 196 195 197 204 215 231 242 243 243 245 248 248 248 248 247 247 247 248 249 251 251 250 250 249 248 246 245 246 249 251 251 253 255 256 255 255 257
157 158 163 166 156 151 152 153 156 158 157 160 171 182 188 185 176 171 181 191 192 191 187 183 182 188 198 207 208 203 198 202 205 207 209 209 213 217 212 210 211 211 209 209 212 213 214 215 215 216 219 215 203 197 202 202 195 193 195 196 202 208 221 236 240 238 241 246 247 248 247 246 245 245 247 248 249 250 251 250 249 248 245 244 245 248 250 251 252 254 255 254 254 256
156 158 161 161 154 152 153 154 154 153 153 156 163 172 176 169 163 164 169 174 174 176 179 184 187 197 203 204 202 197 197 207 211 213 215 215 217 219 218 215 213 211 209 210 213 216 217 219 218 220 220 212 202 197 198 203 198 192 193 193 198 200 207 221 225 223 233 244 247 248 246 244 244 245 246 248 248 248 248 248 246 245 245 244 244 246 248 250 251 253 254 254 253 255
154 156 158 156 151 152 153 155 156 154 152 156 160 163 162 158 157 159 164 168 175 184 190 193 196 198 198 196 194 193 197 206 210 211 214 215 217 218 219 215 211 210 210 212 215 217 219 221 221 220 216 208 199 194 195 200 200 194 191 192 194 196 199 204 207 213 231 242 244 246 246 245 243 244 245 247 247 247 247 248 247 245 244 244 245 247 247 249 250 251 252 252 252 253
155 156 157 156 152 151 152 155 159 158 153 154 156 158 158 163 167 168 170 169 170 177 185 191 193 195 193 189 191 195 199 202 205 209 213 215 218 219 218 214 209 208 210 213 214 215 220 224 223 217 208 200 195 192 192 195 197 193 189 190 191 194 195 196 199 210 224 234 241 245 245 244 242 241 244 246 246 246 245 245 244 244 243 243 245 247 248 249 251 250 249 251 251 251
155 158 159 158 153 151 151 154 160 160 154 152 153 155 159 168 176 180 181 177 169 167 172 179 187 189 187 185 189 193 196 198 200 206 212 214 217 218 216 213 209 207 209 212 214 215 220 223 223 219 212 198 192 190 191 194 194 190 188 190 189 189 191 194 197 204 210 222 237 243 243 242 237 232 238 243 244 244 242 242 242 241 241 242 244 246 247 249 249 249 249 250 249 250
153 158 160 160 155 152 150 152 158 159 155 153 153 154 158 163 170 176 181 178 171 168 167 169 178 181 180 181 188 192 193 194 196 200 209 213 214 214 212 210 208 207 209 213 215 218 220 223 222 220 213 198 191 189 190 193 191 188 187 188 188 189 191 195 197 199 201 211 226 239 241 239 229 220 230 238 241 243 241 238 236 238 241 243 244 245 246 247 248 248 248 248 248 249
