ASCII/Jawoyn_WET-80.asc
NCOLS 1028
NROWS 689
XLLCORNER 13600.0000000000
YLLCORNER -1537237.0000000000
CELLSIZE 80.000000
NODATA_VALUE -99999.00
[rows 266 to 303 of 689, columns 504 to 587 of 1028]
1.03 1.00 1.02 1.03 1.00 0.97 0.96 0.96 0.94 0.98 0.99 0.96 0.97 1.03 1.05 0.99 0.98 0.97 0.91 1.02 1.05 1.03 1.07 1.00 1.03 1.05 1.06 1.00 0.99 1.07 1.05 1.08 1.11 1.11 1.08 1.07 1.00 0.99 1.07 1.04 1.08 1.06 0.92 1.04 1.10 1.08 1.10 1.04 1.05 1.09 1.09 1.07 1.02 1.08 1.10 1.09 1.06 1.05 1.06 1.09 1.07 1.04 1.01 0.93 1.02 0.99 1.03 1.08 1.01 1.01 1.10 1.09 1.05 1.00 0.99 0.98 1.03 1.06 1.05 0.93 0.96 1.07 1.08 1.07
0.98 0.96 0.98 0.97 0.97 0.99 0.99 0.99 0.99 1.00 0.97 0.95 1.02 1.04 1.04 0.98 0.94 0.87 0.90 1.00 1.04 0.98 0.99 1.03 1.09 1.09 1.09 1.02 1.03 1.07 1.07 1.09 1.10 1.06 1.04 1.04 0.95 0.95 1.02 1.01 1.05 1.04 0.91 0.99 1.10 1.10 1.13 1.08 1.03 1.02 1.04 1.05 0.98 1.02 1.07 1.07 1.03 1.05 1.09 1.08 0.98 0.90 1.02 1.04 1.06 0.98 0.95 1.01 0.99 1.01 1.07 1.06 1.06 1.07 0.98 0.94 1.04 1.03 0.93 0.89 0.96 1.11 1.12 1.09
1.06 1.06 1.03 1.04 1.01 0.98 0.98 1.00 0.99 0.99 0.95 0.91 0.98 0.99 0.95 1.05 0.92 0.86 0.94 0.95 0.96 1.04 1.05 1.12 1.08 1.01 1.06 1.08 1.13 1.07 1.07 1.09 1.02 1.00 0.95 0.98 1.04 1.08 1.00 0.95 1.04 1.02 1.03 0.91 1.03 1.08 1.11 1.11 1.03 1.01 1.05 1.11 1.05 1.01 1.08 1.12 1.10 1.09 1.09 1.01 0.97 1.02 1.03 1.12 1.11 1.03 0.92 0.99 1.06 1.07 1.05 1.07 1.09 1.05 0.90 0.94 1.10 1.10 0.99 0.96 1.03 1.07 1.09 1.09
1.06 1.07 1.08 1.04 0.98 0.94 0.94 0.98 1.03 0.96 0.95 0.91 0.92 0.97 0.95 1.00 0.94 0.95 1.02 1.06 1.07 1.01 1.06 1.10 1.06 1.01 1.10 1.08 1.09 1.05 1.06 1.11 1.07 1.08 1.01 0.98 1.03 1.12 1.05 1.00 1.07 1.05 1.04 0.86 0.96 1.06 1.08 1.10 1.06 1.07 1.09 1.09 1.05 1.02 1.08 1.09 1.07 1.04 1.01 0.91 1.00 1.12 1.08 1.09 1.09 1.07 0.97 0.95 1.05 1.07 1.09 1.10 1.07 1.05 0.97 0.97 1.02 1.01 1.01 0.96 1.06 1.07 1.07 1.06
1.05 1.05 1.08 1.05 0.97 0.92 0.96 1.05 1.07 0.95 0.96 0.95 0.91 0.99 1.07 1.02 0.94 0.94 1.07 1.05 1.05 1.05 1.07 1.07 1.07 0.98 1.01 1.01 1.01 1.02 1.05 1.11 1.05 1.03 1.10 1.10 1.04 1.12 1.08 1.08 1.07 1.09 1.01 0.98 1.02 1.06 1.05 1.07 1.06 1.08 1.06 1.06 1.04 1.05 1.04 1.03 1.08 1.06 0.97 0.93 0.98 1.07 1.11 1.08 1.09 1.07 1.02 0.97 1.01 1.05 1.07 1.05 1.04 1.08 1.02 1.00 0.98 0.97 0.98 0.96 1.08 1.09 1.09 1.07
1.05 1.02 1.09 1.10 0.99 0.97 1.05 1.00 0.97 0.93 0.97 1.04 1.04 1.03 1.08 1.01 0.94 1.01 1.10 1.00 1.01 1.00 1.00 1.02 1.04 0.97 0.94 1.00 1.01 1.04 1.08 1.10 1.08 1.04 1.08 1.10 1.11 1.12 1.07 1.09 1.07 1.09 1.02 1.07 1.04 1.00 0.99 0.99 1.01 1.02 1.08 1.09 1.10 1.11 1.04 1.03 1.02 1.00 1.05 1.01 0.97 1.05 1.09 1.09 1.08 1.05 1.03 0.98 1.01 1.07 1.06 1.04 1.10 1.06 1.00 1.05 0.99 1.02 1.05 1.00 1.08 1.11 1.11 1.08
0.95 0.93 0.99 1.06 1.03 1.06 1.09 0.94 0.91 0.98 1.04 1.08 1.06 0.97 1.00 1.07 1.00 1.03 1.10 1.06 0.99 0.94 1.02 1.05 1.05 1.01 1.01 1.02 0.93 0.95 1.02 1.04 1.07 1.07 1.07 1.07 1.11 1.09 1.08 1.09 1.06 1.10 1.07 1.04 1.06 1.08 1.05 1.03 1.02 0.94 1.07 1.09 1.11 1.10 1.08 1.07 0.97 0.96 1.10 1.07 1.02 1.03 1.10 1.11 1.04 1.01 1.06 0.99 1.01 1.08 1.08 1.09 1.11 1.05 0.93 0.99 1.02 1.07 1.04 0.99 1.05 1.06 1.08 1.04
0.95 1.04 1.01 0.98 1.04 1.09 1.10 0.93 0.95 1.05 1.08 1.05 0.99 0.94 0.92 0.96 0.98 1.02 1.07 1.07 0.98 1.00 1.09 1.08 1.08 1.08 1.05 1.01 0.97 1.01 1.04 1.02 1.02 1.05 1.05 1.09 1.10 1.09 1.07 1.04 1.02 1.08 1.11 1.02 1.02 1.06 1.07 1.09 1.03 0.88 1.00 1.11 1.14 1.10 1.06 1.01 0.98 1.01 1.13 1.12 1.06 1.03 1.12 1.12 1.05 1.01 1.08 1.05 1.02 1.01 1.05 1.07 1.05 1.01 0.93 1.02 1.06 1.03 1.04 0.93 0.95 1.01 1.09 1.04
0.97 1.10 1.09 1.06 1.07 1.03 1.02 0.99 1.00 1.08 1.10 1.06 1.03 0.97 0.91 0.92 1.01 1.07 1.09 1.04 1.00 1.05 1.02 1.07 1.08 1.11 1.09 1.05 1.04 1.10 1.09 1.05 1.00 0.97 1.02 1.11 1.09 1.08 1.04 1.06 1.00 1.05 1.13 1.09 1.08 1.08 1.09 1.04 1.01 0.97 1.00 1.10 1.10 1.12 1.11 1.04 0.96 1.03 1.10 1.11 1.06 0.99 1.04 1.11 1.07 1.02 1.10 1.08 1.01 1.03 1.08 1.08 1.04 1.02 1.06 1.07 1.06 1.00 1.03 0.94 0.94 1.00 1.11 1.07
1.03 1.11 1.11 1.07 1.02 0.93 0.97 1.09 1.07 1.05 1.03 1.07 1.02 0.89 0.87 1.02 1.03 1.05 1.05 0.99 1.03 1.00 0.99 1.07 1.05 1.08 1.09 1.11 1.10 1.08 1.01 0.95 1.02 1.08 1.09 1.09 1.07 1.05 1.04 1.04 1.04 0.99 1.04 1.12 1.10 1.09 1.12 1.06 1.09 1.08 1.05 1.02 1.06 1.07 1.10 1.07 0.99 1.10 1.08 1.05 1.08 1.07 1.03 1.07 1.04 0.99 1.08 1.03 0.99 1.05 1.10 1.11 1.00 1.04 1.12 1.06 0.98 0.99 1.02 0.97 1.08 1.09 1.08 1.03
0.90 1.00 1.06 0.97 0.98 1.03 1.07 1.10 1.05 0.99 1.02 1.07 0.99 0.82 0.89 1.07 1.01 1.04 0.98 1.02 1.06 0.98 0.98 1.01 0.98 0.97 1.02 1.08 1.13 1.10 1.04 1.00 1.06 1.11 1.08 0.97 1.02 1.04 1.10 1.09 1.11 1.00 0.97 1.06 1.04 1.09 1.09 1.07 1.10 1.10 1.01 0.95 1.06 1.07 1.08 1.10 0.97 0.99 1.04 1.03 1.10 1.11 1.04 1.04 1.02 1.06 1.11 1.08 1.05 1.01 1.03 1.08 1.00 0.98 1.05 1.03 0.97 1.04 1.05 0.97 1.07 1.05 1.03 1.05
0.84 0.82 0.98 0.96 0.99 1.04 1.09 1.09 0.98 0.95 0.98 1.02 1.02 0.86 0.85 1.00 1.01 1.06 0.98 0.98 1.06 1.07 1.03 1.09 1.08 1.03 1.02 1.05 1.10 1.06 1.05 1.03 1.05 1.07 1.00 0.97 1.08 1.09 1.09 1.11 1.11 1.04 1.00 1.07 1.09 1.08 1.03 1.04 1.06 1.00 1.01 1.04 1.03 0.99 1.04 1.07 1.01 0.93 0.98 1.09 1.09 1.04 1.03 1.06 1.07 1.03 1.02 1.07 1.09 1.08 1.00 1.01 0.96 0.90 1.02 1.10 1.04 1.03 1.03 1.02 1.09 1.06 1.06 1.12
1.06 0.84 0.98 1.04 0.99 1.01 1.07 1.08 0.96 0.94 1.00 1.05 1.03 0.88 0.89 1.05 1.01 1.05 1.04 0.95 1.01 1.03 0.95 1.07 1.07 1.07 1.09 1.05 0.99 1.01 1.08 1.05 0.98 1.02 1.01 1.06 1.09 1.08 1.04 1.05 1.06 1.09 1.09 1.09 1.09 1.09 1.05 1.04 1.06 0.95 1.06 1.11 1.06 0.96 1.00 1.05 1.04 0.98 1.03 1.11 1.08 1.04 1.05 1.10 1.10 1.08 1.00 1.05 1.09 1.07 1.01 1.06 1.00 0.90 1.00 1.08 1.06 1.01 1.09 1.08 1.09 1.06 1.09 1.13
0.92 0.87 1.06 1.07 1.00 0.97 1.01 1.01 0.94 0.97 1.03 1.01 0.90 0.85 0.89 0.96 0.94 1.01 1.01 0.90 0.88 0.94 0.96 1.03 1.02 1.08 1.09 1.05 1.02 1.03 1.04 1.06 1.01 1.06 1.08 1.10 1.09 1.04 1.04 1.07 1.07 1.12 1.05 1.03 1.07 1.09 1.07 1.06 1.02 0.94 1.11 1.11 1.05 1.00 1.03 1.06 1.08 1.01 0.99 1.06 1.08 1.09 1.10 1.08 1.11 1.06 0.96 1.00 1.07 1.08 1.05 1.06 1.05 0.98 1.00 1.03 1.04 1.07 1.10 1.08 1.09 1.06 1.07 1.09
0.80 0.96 1.09 1.08 1.03 1.01 1.01 0.95 0.96 0.95 0.95 0.87 0.84 0.94 0.90 0.89 1.01 1.08 1.07 0.97 0.95 0.97 1.06 1.05 1.00 1.05 1.07 1.04 1.13 1.08 1.01 1.07 1.04 1.10 1.11 1.07 1.05 1.02 1.09 1.09 1.05 1.06 1.03 1.01 1.09 1.09 1.07 1.08 1.05 1.00 1.12 1.10 1.05 1.08 1.11 1.08 1.10 1.05 1.03 0.98 0.97 1.05 1.05 1.00 1.08 1.02 1.01 1.03 1.03 1.06 1.09 1.07 1.06 0.99 0.89 0.89 1.06 1.08 1.06 1.09 1.08 1.02 0.99 1.01
0.92 1.03 1.08 1.07 1.04 1.06 1.06 1.07 1.00 0.85 0.85 0.85 0.89 1.02 0.92 0.91 0.98 1.02 0.96 0.98 1.11 1.08 1.07 1.02 0.96 1.04 1.09 1.06 1.13 1.11 1.11 1.08 1.06 1.10 1.02 0.97 1.01 1.07 1.09 1.02 1.04 1.06 1.05 1.03 1.06 1.02 1.02 1.08 1.05 1.06 1.04 1.07 1.07 1.06 1.07 1.08 1.13 1.07 1.07 1.02 0.95 0.95 1.03 1.05 1.03 0.97 0.97 1.06 1.02 0.96 1.04 1.06 1.06 1.03 0.98 0.88 0.99 1.04 1.02 1.03 1.02 1.00 0.98 1.01
0.89 1.03 1.01 0.96 1.04 1.12 1.11 1.12 1.06 0.92 0.97 0.90 0.91 0.96 0.91 1.06 0.97 0.94 0.91 0.96 1.12 1.10 1.02 0.98 1.02 1.02 1.05 1.08 1.05 1.07 1.04 1.01 1.08 1.09 0.97 1.02 0.95 1.10 1.05 1.00 1.02 1.11 1.04 1.00 1.05 0.99 1.00 1.07 1.07 1.09 1.05 1.04 1.03 0.99 1.06 1.11 1.12 1.10 1.08 1.06 1.07 1.02 1.00 1.03 1.07 1.08 1.01 1.02 1.02 1.02 1.04 1.04 1.04 1.09 1.10 1.02 0.95 0.96 1.03 1.08 1.06 1.07 1.07 1.07
1.00 1.08 1.00 1.02 1.05 1.04 1.01 1.07 1.10 1.01 1.05 0.95 0.93 1.00 1.02 1.08 0.93 0.90 0.92 0.95 1.07 1.10 1.02 1.05 1.11 1.07 1.08 1.10 0.99 0.97 0.97 1.04 1.07 1.02 1.04 1.07 0.95 1.01 0.98 1.06 1.09 1.03 0.98 1.08 1.08 1.00 0.99 1.04 1.03 1.08 1.08 1.08 1.07 1.00 1.09 1.10 0.98 0.96 0.99 1.00 1.03 1.05 1.08 1.05 0.99 1.08 1.11 1.04 0.96 1.01 1.07 1.08 1.03 1.06 1.05 1.02 1.09 1.08 0.99 1.09 1.08 1.06 1.07 1.08
1.06 1.09 1.04 1.09 1.08 1.07 1.02 0.96 1.08 1.01 0.99 0.95 0.97 1.01 1.00 1.08 0.95 0.92 1.01 1.05 1.04 1.00 1.07 1.06 1.05 1.01 1.06 1.09 1.03 0.96 1.02 1.00 1.00 1.00 1.05 1.07 1.02 0.96 0.97 1.08 1.10 1.05 0.99 1.06 1.05 0.97 0.99 1.02 1.04 1.09 1.09 1.08 1.08 1.05 1.01 0.99 0.91 0.97 1.09 1.11 1.07 1.01 1.04 1.07 0.97 1.02 1.08 1.04 1.02 1.04 1.04 1.10 1.06 1.11 1.10 1.11 1.10 1.02 0.94 1.09 1.06 1.02 1.00 1.04
1.02 1.10 1.03 1.08 1.12 1.10 1.05 0.99 1.07 1.01 1.01 1.04 1.03 1.06 0.99 0.99 0.91 1.03 1.11 1.09 0.98 1.02 1.08 1.06 1.06 1.01 1.05 1.01 0.94 0.94 1.01 0.99 1.04 1.03 0.99 1.00 1.01 1.04 1.02 1.05 1.06 1.11 1.06 0.98 0.97 1.02 1.09 1.09 1.02 1.01 1.03 1.04 1.10 1.11 0.97 0.95 0.96 1.03 1.10 1.10 1.09 1.07 1.08 1.07 0.95 0.94 1.01 1.07 1.07 1.03 1.05 1.11 1.08 1.08 1.07 1.05 1.00 1.00 1.01 1.09 1.08 1.05 1.01 1.03
0.90 1.08 1.02 1.03 1.09 1.08 1.05 0.98 0.95 0.99 1.05 1.08 1.03 1.08 1.06 1.01 0.89 0.98 1.02 0.98 0.97 1.04 1.06 1.10 1.10 1.09 1.08 1.02 0.91 0.96 1.06 1.06 1.03 1.01 0.94 0.97 1.03 1.08 1.09 1.06 1.04 1.10 1.06 0.89 0.93 1.01 1.06 1.07 0.97 0.95 0.99 1.00 1.07 1.07 1.02 1.01 1.07 1.07 1.11 1.08 1.08 1.11 1.12 1.11 1.01 0.96 1.01 1.00 0.99 0.97 0.97 1.08 1.07 1.02 1.02 0.98 1.00 1.02 1.10 1.09 1.06 1.10 1.09 1.09
0.82 1.05 1.08 0.99 1.03 1.07 1.07 1.04 0.93 0.92 0.95 1.02 1.08 1.12 1.10 0.97 0.92 0.99 0.97 0.91 1.03 1.06 1.05 1.07 1.07 1.03 0.98 0.95 0.89 0.92 1.09 1.10 1.05 1.04 1.06 1.09 1.11 1.10 1.10 1.10 1.09 1.09 1.03 0.92 1.00 1.03 1.04 1.06 1.05 1.06 1.09 1.02 1.01 1.04 1.07 1.09 1.14 1.11 1.12 1.07 1.03 1.07 1.11 1.10 1.05 1.02 1.05 1.00 1.03 1.04 0.96 0.96 0.98 1.00 1.05 1.04 1.02 1.06 1.07 1.06 1.06 1.10 1.12 1.11
0.94 0.98 1.08 1.03 1.08 1.10 1.09 1.09 1.05 0.97 0.94 1.06 1.12 1.07 0.99 0.92 1.01 1.04 1.01 0.96 1.07 1.04 1.07 1.11 1.09 0.99 1.02 1.07 1.02 0.98 1.10 1.11 1.11 1.09 1.09 1.08 1.05 1.08 1.04 1.03 1.09 1.09 0.98 1.04 1.04 1.03 1.02 1.07 1.09 1.06 1.07 1.03 0.99 1.03 1.11 1.11 1.10 1.10 1.07 1.00 0.94 1.00 1.05 1.07 1.08 1.03 1.05 1.08 1.10 1.10 1.06 1.05 1.07 1.02 1.01 1.04 0.91 1.02 1.10 1.09 1.08 1.10 1.11 1.14
0.80 0.96 1.05 1.10 1.12 1.06 1.07 1.06 1.07 1.01 1.01 1.11 1.06 1.02 1.09 1.04 1.07 1.05 1.05 1.06 1.02 0.94 1.01 1.06 0.99 1.00 1.08 1.11 1.02 0.99 1.07 1.07 1.07 0.99 0.97 0.94 0.88 0.97 0.95 0.93 0.98 1.01 0.99 1.09 1.07 1.02 0.95 0.94 0.99 1.04 1.02 1.06 1.02 1.01 1.07 1.03 0.99 1.05 1.03 1.08 1.03 1.06 1.10 1.11 1.12 1.09 1.07 1.08 1.07 1.10 1.08 1.12 1.11 1.06 1.01 1.05 0.98 0.98 1.10 1.06 1.06 1.09 1.10 1.12
0.95 0.95 1.03 1.09 1.05 1.07 1.10 1.04 1.08 0.95 0.90 1.06 1.08 0.97 1.07 1.10 1.10 1.02 0.99 0.97 0.93 0.91 0.92 0.97 0.90 1.04 1.11 1.10 1.04 0.92 0.89 0.97 0.95 0.97 1.04 0.99 1.00 1.04 1.01 1.04 1.04 1.05 1.01 1.04 1.07 1.06 1.01 0.98 1.00 1.09 1.10 1.10 1.07 1.00 1.02 0.98 0.99 1.00 1.01 1.12 1.12 1.13 1.09 1.03 1.05 1.04 1.06 1.10 1.07 1.08 1.10 1.10 1.07 1.03 0.99 1.07 1.03 1.03 1.01 0.97 1.05 1.11 1.11 1.11
1.07 1.04 0.95 1.00 1.06 1.06 1.07 0.98 1.02 0.98 0.92 1.03 1.04 0.92 1.03 1.07 1.07 1.04 1.05 0.98 0.97 1.02 0.95 0.98 0.99 1.07 1.09 1.06 1.07 1.05 0.97 0.98 1.03 1.04 1.06 1.11 1.12 1.12 1.10 1.03 1.01 0.94 0.93 0.92 1.02 1.03 1.01 1.07 1.08 1.07 1.07 1.11 1.10 1.02 1.07 1.06 1.05 1.08 1.09 1.11 1.12 1.11 1.08 0.95 0.95 1.02 1.10 1.12 1.11 1.06 1.05 1.04 1.06 1.04 1.03 1.09 1.05 0.98 0.88 0.86 0.94 1.02 1.07 1.11
1.08 1.00 0.92 0.99 1.04 1.06 1.04 0.99 1.02 1.06 1.01 0.94 0.99 1.04 1.07 1.03 1.02 1.07 1.07 1.01 1.01 1.04 0.85 0.85 0.97 1.05 1.07 1.05 1.03 1.08 1.06 1.04 1.09 1.06 1.06 1.08 1.06 1.12 1.09 1.04 1.04 1.00 0.97 0.94 0.95 1.00 0.96 1.02 1.12 1.11 1.11 1.13 1.07 0.94 0.97 1.02 1.00 1.04 1.03 1.01 1.05 1.01 0.99 0.90 0.98 1.00 1.04 1.03 1.05 1.05 1.01 0.98 1.07 1.09 1.10 1.11 1.08 0.95 0.86 0.83 0.93 1.05 1.10 1.10
1.05 0.96 0.91 0.94 0.97 1.04 1.07 1.06 1.03 1.03 1.00 0.86 0.99 1.05 1.05 1.03 1.03 1.08 1.06 1.04 1.00 0.94 0.88 0.89 0.94 1.06 1.08 1.07 1.08 1.09 1.11 1.09 1.08 1.03 1.03 1.06 1.03 1.08 1.02 1.06 1.11 1.11 1.06 1.00 0.97 1.07 1.02 1.00 1.09 1.09 1.11 1.09 0.99 0.95 0.93 0.99 1.06 1.07 1.03 0.97 0.96 0.92 0.91 0.89 1.00 1.06 0.99 0.93 0.97 1.03 1.09 1.08 1.10 1.10 1.12 1.06 0.97 0.90 0.92 0.87 0.92 1.08 1.10 1.06
1.04 1.03 0.94 0.92 0.99 1.05 1.10 1.09 1.07 1.02 0.97 0.86 0.97 1.05 0.98 0.99 1.06 1.02 1.03 1.03 0.90 0.87 1.07 1.02 0.90 0.98 1.06 1.07 1.11 1.04 1.09 1.07 1.04 1.05 1.04 0.98 0.99 1.04 0.98 1.08 1.11 1.07 1.08 1.05 0.99 1.06 1.08 1.02 1.00 1.06 1.13 1.04 0.96 1.04 1.07 1.09 1.11 1.05 1.04 1.07 1.02 1.02 1.06 1.03 1.01 1.06 1.05 1.06 1.08 1.09 1.08 1.10 1.06 1.04 1.02 0.95 0.97 0.98 0.95 0.92 0.87 1.01 1.04 0.99
1.06 1.03 1.00 1.05 1.08 1.07 1.08 1.10 1.08 1.07 1.06 1.00 1.01 1.09 1.03 1.00 1.04 0.96 0.99 0.97 0.81 0.87 1.06 1.01 0.93 0.88 0.94 1.03 1.06 1.02 1.02 1.03 1.03 1.07 1.04 0.89 1.01 1.01 1.00 1.05 1.06 1.00 1.06 1.08 1.02 1.06 1.10 1.11 1.03 1.07 1.08 0.98 1.01 1.07 1.12 1.11 1.03 0.96 1.01 1.06 1.03 1.00 1.05 1.05 1.03 1.04 1.02 1.05 1.10 1.12 1.04 1.08 1.09 1.07 1.01 0.99 1.06 0.98 0.90 0.96 0.91 0.98 1.01 0.98
1.00 0.95 1.06 1.10 1.11 1.08 1.10 1.09 1.03 1.11 1.08 1.01 1.07 1.09 1.00 1.03 1.01 0.96 0.93 0.89 0.82 0.96 1.00 1.05 1.04 0.97 0.98 1.02 1.02 1.10 1.04 1.02 1.06 1.11 0.99 0.96 1.05 1.08 1.07 1.03 0.99 0.96 0.93 1.02 1.10 1.09 1.10 1.11 1.11 1.12 0.94 0.98 1.07 1.08 1.10 1.11 1.05 0.98 1.06 1.03 1.02 0.94 0.91 0.98 1.06 1.04 0.96 0.97 1.06 1.10 1.10 1.08 1.10 1.11 1.07 1.06 1.08 0.99 0.93 1.05 0.98 0.96 0.97 0.99
1.01 0.96 0.99 1.00 1.05 1.05 1.07 1.08 1.05 1.12 1.10 1.01 0.98 0.95 1.00 0.99 0.99 0.99 0.97 0.97 0.99 1.06 1.03 1.05 1.10 1.04 1.04 1.12 1.06 0.97 1.04 1.12 1.13 1.04 0.98 1.04 1.07 1.06 0.99 0.99 1.09 1.09 1.08 1.06 1.05 1.07 0.99 0.90 0.92 0.97 0.87 1.02 1.12 1.09 1.00 1.00 1.09 1.03 1.08 1.08 1.07 1.00 1.01 1.06 1.10 1.06 1.03 1.03 1.07 1.10 1.10 1.11 1.11 1.10 1.07 1.09 1.12 1.10 0.98 1.03 1.08 1.02 1.02 1.02
1.06 0.98 0.90 0.97 1.04 1.02 1.06 1.10 1.08 1.06 1.10 1.08 1.01 0.91 0.93 1.01 1.04 0.98 0.94 1.00 1.05 1.04 1.07 1.05 1.09 0.99 0.93 1.03 1.01 0.93 0.95 1.06 1.11 1.07 0.98 1.06 1.08 1.03 0.97 1.00 1.08 1.02 1.07 0.98 0.94 0.99 0.95 0.98 1.03 1.04 0.96 1.00 1.04 1.06 1.02 1.00 1.03 0.98 1.08 1.05 0.99 0.99 1.09 1.10 1.07 1.11 1.07 1.05 1.07 1.05 1.04 1.08 1.04 1.06 1.08 1.10 1.11 1.09 1.02 1.05 1.11 1.09 1.05 1.08
1.08 1.02 0.95 1.03 1.07 1.04 1.05 1.07 1.08 1.06 1.06 1.01 0.94 0.91 1.04 1.08 1.09 1.03 1.00 1.01 1.02 1.02 1.06 1.08 1.01 0.93 1.00 0.99 0.95 1.03 0.92 0.93 1.04 1.04 1.03 1.06 1.06 0.97 0.95 0.99 0.99 0.99 0.99 0.97 0.97 0.91 0.93 0.98 1.00 1.03 1.07 1.06 1.03 1.07 1.06 1.06 1.04 0.94 0.98 1.03 1.01 0.96 1.01 1.06 1.02 1.06 1.07 1.07 1.06 1.08 1.06 1.01 1.04 1.02 1.01 1.03 1.10 1.10 1.06 1.03 1.08 1.09 1.02 1.05
1.09 1.10 1.02 1.05 1.09 1.07 1.06 1.07 0.99 0.98 0.99 0.90 0.89 0.87 0.95 1.05 1.05 0.92 0.94 0.95 0.91 0.99 1.02 1.02 0.94 0.98 1.07 1.03 1.00 1.03 0.94 0.90 0.96 1.01 1.06 1.08 1.05 0.89 0.92 0.99 1.02 1.10 1.05 1.06 1.07 1.01 1.00 1.02 0.98 0.91 1.01 1.02 1.02 1.04 1.04 1.03 0.92 0.88 0.97 1.09 1.07 0.94 0.89 0.99 0.99 1.06 1.08 1.07 1.03 1.10 1.10 1.01 1.06 1.03 1.00 1.02 1.09 1.11 1.06 1.06 1.10 1.08 1.06 1.04
1.13 1.12 1.05 1.06 1.06 1.02 1.09 0.95 0.90 1.02 0.98 0.95 0.96 1.02 0.93 0.93 1.00 0.92 0.87 0.92 0.97 1.06 0.98 0.98 1.02 1.01 1.01 1.02 1.01 0.94 0.92 1.01 1.04 1.05 1.01 1.00 0.98 0.97 0.96 0.99 0.98 1.07 1.09 1.07 1.06 1.02 0.95 0.96 0.98 0.90 0.97 0.99 1.06 1.09 1.07 0.98 0.87 0.95 1.02 1.09 1.08 1.00 0.90 0.98 1.06 1.11 1.10 1.06 1.01 1.07 1.12 1.08 1.08 1.10 1.04 1.07 1.09 1.05 0.97 1.03 1.09 1.08 1.06 1.08
1.10 1.08 1.03 1.03 1.05 1.00 0.96 0.87 0.92 1.05 1.06 1.05 1.06 1.11 1.04 1.03 1.06 0.99 0.89 0.97 0.98 1.06 1.09 1.08 1.10 1.08 1.05 1.02 1.08 1.06 0.99 0.99 1.01 0.98 0.89 0.97 1.05 1.02 1.04 1.06 1.07 1.05 0.99 1.01 1.03 1.00 0.96 1.02 1.05 1.02 1.04 1.01 1.01 1.07 1.10 0.98 0.97 1.09 1.03 1.01 1.08 1.06 0.95 1.01 1.07 1.08 1.09 1.09 1.07 1.02 1.03 1.05 1.10 1.08 1.05 1.06 1.08 1.06 0.99 1.01 1.06 1.03 1.04 1.05
1.09 1.10 0.99 0.93 0.96 0.84 0.74 0.90 0.97 1.03 1.07 1.10 1.10 1.10 1.09 1.07 1.00 0.96 0.94 1.03 1.05 0.97 0.98 0.99 0.98 1.04 1.07 1.07 1.04 1.02 1.02 0.92 0.98 0.98 0.90 0.98 1.04 1.06 1.09 1.12 1.10 0.97 0.99 0.93 0.89 0.97 1.01 1.07 1.02 1.02 1.04 1.05 0.93 0.90 0.98 0.94 0.97 1.06 1.07 1.06 1.09 1.08 1.01 1.07 1.08 1.05 1.09 1.10 1.06 0.91 0.95 0.93 1.00 1.02 1.08 1.11 1.09 1.10 1.08 1.06 1.02 0.97 0.99 1.01
